STATION,ELEVATION,LATITUDE,LONGITUDE,DATE,YTD_PRECIP_NORM,YTD2013_PRECIP,PRECIP2013_DIFF,YTD2014_PRECIP,PRECIP2014_DIFF,YTD2015_PRECIP,PRECIP2015_DIFF
REDDING MUNICIPAL AIRPORT CA US,151.5,40.5175,-122.29861,0101,19,0,-19,0,-19,0,-19
REDDING MUNICIPAL AIRPORT CA US,151.5,40.5175,-122.29861,0102,39,0,-39,0,-39,0,-39
REDDING MUNICIPAL AIRPORT CA US,151.5,40.5175,-122.29861,0103,58,0,-58,0,-58,0,-58
REDDING MUNICIPAL AIRPORT CA US,151.5,40.5175,-122.29861,0104,77,0,-77,0,-77,0,-77
REDDING MUNICIPAL AIRPORT CA US,151.5,40.5175,-122.29861,0105,97,15,-82,0,-97,0,-97
REDDING MUNICIPAL AIRPORT CA US,151.5,40.5175,-122.29861,0106,116,15,-101,0,-116,0,-116
REDDING MUNICIPAL AIRPORT CA US,151.5,40.5175,-122.29861,0107,136,15,-121,0,-136,0,-136
REDDING MUNICIPAL AIRPORT CA US,151.5,40.5175,-122.29861,0108,156,15,-141,3,-153,0,-156
REDDING MUNICIPAL AIRPORT CA US,151.5,40.5175,-122.29861,0109,177,33,-144,3,-174,0,-177
REDDING MUNICIPAL AIRPORT CA US,151.5,40.5175,-122.29861,0110,199,33,-166,3,-196,0,-199
REDDING MUNICIPAL AIRPORT CA US,151.5,40.5175,-122.29861,0111,220,33,-187,21,-199,0,-220
REDDING MUNICIPAL AIRPORT CA US,151.5,40.5175,-122.29861,0112,241,33,-208,21,-220,0,-241
REDDING MUNICIPAL AIRPORT CA US,151.5,40.5175,-122.29861,0113,261,33,-228,21,-240,0,-261
REDDING MUNICIPAL AIRPORT CA US,151.5,40.5175,-122.29861,0114,280,33,-247,21,-259,0,-280
REDDING MUNICIPAL AIRPORT CA US,151.5,40.5175,-122.29861,0115,300,33,-267,21,-279,0,-300
REDDING MUNICIPAL AIRPORT CA US,151.5,40.5175,-122.29861,0116,319,33,-286,21,-298,38,-281
REDDING MUNICIPAL AIRPORT CA US,151.5,40.5175,-122.29861,0117,338,33,-305,21,-317,38,-300
REDDING MUNICIPAL AIRPORT CA US,151.5,40.5175,-122.29861,0118,357,33,-324,21,-336,66,-291
REDDING MUNICIPAL AIRPORT CA US,151.5,40.5175,-122.29861,0119,376,33,-343,21,-355,66,-310
REDDING MUNICIPAL AIRPORT CA US,151.5,40.5175,-122.29861,0120,396,33,-363,21,-375,66,-330
REDDING MUNICIPAL AIRPORT CA US,151.5,40.5175,-122.29861,0121,415,33,-382,21,-394,66,-349
REDDING MUNICIPAL AIRPORT CA US,151.5,40.5175,-122.29861,0122,434,33,-401,21,-413,66,-368
REDDING MUNICIPAL AIRPORT CA US,151.5,40.5175,-122.29861,0123,452,229,-223,21,-431,66,-386
REDDING MUNICIPAL AIRPORT CA US,151.5,40.5175,-122.29861,0124,470,237,-233,21,-449,66,-404
REDDING MUNICIPAL AIRPORT CA US,151.5,40.5175,-122.29861,0125,488,237,-251,21,-467,66,-422
REDDING MUNICIPAL AIRPORT CA US,151.5,40.5175,-122.29861,0126,506,237,-269,21,-485,66,-440
REDDING MUNICIPAL AIRPORT CA US,151.5,40.5175,-122.29861,0127,525,237,-288,21,-504,66,-459
REDDING MUNICIPAL AIRPORT CA US,151.5,40.5175,-122.29861,0128,542,237,-305,21,-521,66,-476
REDDING MUNICIPAL AIRPORT CA US,151.5,40.5175,-122.29861,0129,560,237,-323,107,-453,66,-494
REDDING MUNICIPAL AIRPORT CA US,151.5,40.5175,-122.29861,0130,578,237,-341,107,-471,66,-512
REDDING MUNICIPAL AIRPORT CA US,151.5,40.5175,-122.29861,0131,596,237,-359,107,-489,66,-530
REDDING MUNICIPAL AIRPORT CA US,151.5,40.5175,-122.29861,0201,615,237,-378,107,-508,66,-549
REDDING MUNICIPAL AIRPORT CA US,151.5,40.5175,-122.29861,0202,635,237,-398,107,-528,178,-457
REDDING MUNICIPAL AIRPORT CA US,151.5,40.5175,-122.29861,0203,655,237,-418,107,-548,178,-477
REDDING MUNICIPAL AIRPORT CA US,151.5,40.5175,-122.29861,0204,676,237,-439,107,-569,178,-498
REDDING MUNICIPAL AIRPORT CA US,151.5,40.5175,-122.29861,0205,697,237,-460,110,-587,178,-519
REDDING MUNICIPAL AIRPORT CA US,151.5,40.5175,-122.29861,0206,717,237,-480,242,-475,584,-133
REDDING MUNICIPAL AIRPORT CA US,151.5,40.5175,-122.29861,0207,738,367,-371,389,-349,587,-151
REDDING MUNICIPAL AIRPORT CA US,151.5,40.5175,-122.29861,0208,758,372,-386,707,-51,775,17
REDDING MUNICIPAL AIRPORT CA US,151.5,40.5175,-122.29861,0209,778,372,-406,1141,363,925,147
REDDING MUNICIPAL AIRPORT CA US,151.5,40.5175,-122.29861,0210,797,372,-425,1141,344,925,128
REDDING MUNICIPAL AIRPORT CA US,151.5,40.5175,-122.29861,0211,816,372,-444,1141,325,925,109
REDDING MUNICIPAL AIRPORT CA US,151.5,40.5175,-122.29861,0212,836,372,-464,1197,361,925,89
REDDING MUNICIPAL AIRPORT CA US,151.5,40.5175,-122.29861,0213,855,372,-483,1235,380,925,70
REDDING MUNICIPAL AIRPORT CA US,151.5,40.5175,-122.29861,0214,875,372,-503,1235,360,925,50
REDDING MUNICIPAL AIRPORT CA US,151.5,40.5175,-122.29861,0215,894,372,-522,1387,493,925,31
REDDING MUNICIPAL AIRPORT CA US,151.5,40.5175,-122.29861,0216,914,372,-542,1387,473,925,11
REDDING MUNICIPAL AIRPORT CA US,151.5,40.5175,-122.29861,0217,934,372,-562,1387,453,925,-9
REDDING MUNICIPAL AIRPORT CA US,151.5,40.5175,-122.29861,0218,954,372,-582,1387,433,925,-29
REDDING MUNICIPAL AIRPORT CA US,151.5,40.5175,-122.29861,0219,974,385,-589,1387,413,925,-49
REDDING MUNICIPAL AIRPORT CA US,151.5,40.5175,-122.29861,0220,994,385,-609,1387,393,925,-69
REDDING MUNICIPAL AIRPORT CA US,151.5,40.5175,-122.29861,0221,1013,385,-628,1387,374,925,-88
REDDING MUNICIPAL AIRPORT CA US,151.5,40.5175,-122.29861,0222,1033,385,-648,1387,354,925,-108
REDDING MUNICIPAL AIRPORT CA US,151.5,40.5175,-122.29861,0223,1052,385,-667,1387,335,925,-127
REDDING MUNICIPAL AIRPORT CA US,151.5,40.5175,-122.29861,0224,1072,385,-687,1387,315,925,-147
REDDING MUNICIPAL AIRPORT CA US,151.5,40.5175,-122.29861,0225,1091,385,-706,1387,296,925,-166
REDDING MUNICIPAL AIRPORT CA US,151.5,40.5175,-122.29861,0226,1110,385,-725,1900,790,925,-185
REDDING MUNICIPAL AIRPORT CA US,151.5,40.5175,-122.29861,0227,1129,385,-744,1956,827,925,-204
REDDING MUNICIPAL AIRPORT CA US,151.5,40.5175,-122.29861,0228,1147,385,-762,2159,1012,925,-222
REDDING MUNICIPAL AIRPORT CA US,151.5,40.5175,-122.29861,0301,1167,385,-782,2319,1152,925,-242
REDDING MUNICIPAL AIRPORT CA US,151.5,40.5175,-122.29861,0302,1187,385,-802,2337,1150,925,-262
REDDING MUNICIPAL AIRPORT CA US,151.5,40.5175,-122.29861,0303,1206,385,-821,2657,1451,925,-281
REDDING MUNICIPAL AIRPORT CA US,151.5,40.5175,-122.29861,0304,1224,385,-839,2685,1461,925,-299
REDDING MUNICIPAL AIRPORT CA US,151.5,40.5175,-122.29861,0305,1241,517,-724,2787,1546,925,-316
REDDING MUNICIPAL AIRPORT CA US,151.5,40.5175,-122.29861,0306,1258,713,-545,2835,1577,925,-333
REDDING MUNICIPAL AIRPORT CA US,151.5,40.5175,-122.29861,0307,1275,713,-562,2835,1560,925,-350
REDDING MUNICIPAL AIRPORT CA US,151.5,40.5175,-122.29861,0308,1292,713,-579,2850,1558,925,-367
REDDING MUNICIPAL AIRPORT CA US,151.5,40.5175,-122.29861,0309,1308,713,-595,2972,1664,925,-383
REDDING MUNICIPAL AIRPORT CA US,151.5,40.5175,-122.29861,0310,1325,713,-612,3005,1680,925,-400
REDDING MUNICIPAL AIRPORT CA US,151.5,40.5175,-122.29861,0311,1342,713,-629,3005,1663,1034,-308
REDDING MUNICIPAL AIRPORT CA US,151.5,40.5175,-122.29861,0312,1358,713,-645,3005,1647,1034,-324
REDDING MUNICIPAL AIRPORT CA US,151.5,40.5175,-122.29861,0313,1374,713,-661,3005,1631,1034,-340
REDDING MUNICIPAL AIRPORT CA US,151.5,40.5175,-122.29861,0314,1389,713,-676,3005,1616,1034,-355
REDDING MUNICIPAL AIRPORT CA US,151.5,40.5175,-122.29861,0315,1404,713,-691,3005,1601,1047,-357
REDDING MUNICIPAL AIRPORT CA US,151.5,40.5175,-122.29861,0316,1418,713,-705,3005,1587,1090,-328
REDDING MUNICIPAL AIRPORT CA US,151.5,40.5175,-122.29861,0317,1432,713,-719,3005,1573,1090,-342
REDDING MUNICIPAL AIRPORT CA US,151.5,40.5175,-122.29861,0318,1445,713,-732,3005,1560,1090,-355
REDDING MUNICIPAL AIRPORT CA US,151.5,40.5175,-122.29861,0319,1457,751,-706,3005,1548,1090,-367
REDDING MUNICIPAL AIRPORT CA US,151.5,40.5175,-122.29861,0320,1469,924,-545,3005,1536,1090,-379
REDDING MUNICIPAL AIRPORT CA US,151.5,40.5175,-122.29861,0321,1480,924,-556,3005,1525,1090,-390
REDDING MUNICIPAL AIRPORT CA US,151.5,40.5175,-122.29861,0322,1492,924,-568,3005,1513,1194,-298
REDDING MUNICIPAL AIRPORT CA US,151.5,40.5175,-122.29861,0323,1503,924,-579,3005,1502,1194,-309
REDDING MUNICIPAL AIRPORT CA US,151.5,40.5175,-122.29861,0324,1514,924,-590,3005,1491,1194,-320
REDDING MUNICIPAL AIRPORT CA US,151.5,40.5175,-122.29861,0325,1524,937,-587,3122,1598,1194,-330
REDDING MUNICIPAL AIRPORT CA US,151.5,40.5175,-122.29861,0326,1534,937,-597,3188,1654,1194,-340
REDDING MUNICIPAL AIRPORT CA US,151.5,40.5175,-122.29861,0327,1544,937,-607,3196,1652,1194,-350
REDDING MUNICIPAL AIRPORT CA US,151.5,40.5175,-122.29861,0328,1554,945,-609,3265,1711,1194,-360
REDDING MUNICIPAL AIRPORT CA US,151.5,40.5175,-122.29861,0329,1564,945,-619,3374,1810,1194,-370
REDDING MUNICIPAL AIRPORT CA US,151.5,40.5175,-122.29861,0330,1574,1016,-558,3478,1904,1194,-380
REDDING MUNICIPAL AIRPORT CA US,151.5,40.5175,-122.29861,0331,1584,1262,-322,3544,1960,1194,-390
REDDING MUNICIPAL AIRPORT CA US,151.5,40.5175,-122.29861,0401,1593,1262,-331,3562,1969,1194,-399
REDDING MUNICIPAL AIRPORT CA US,151.5,40.5175,-122.29861,0402,1602,1262,-340,3562,1960,1194,-408
REDDING MUNICIPAL AIRPORT CA US,151.5,40.5175,-122.29861,0403,1612,1262,-350,3562,1950,1194,-418
REDDING MUNICIPAL AIRPORT CA US,151.5,40.5175,-122.29861,0404,1621,1574,-47,3565,1944,1194,-427
REDDING MUNICIPAL AIRPORT CA US,151.5,40.5175,-122.29861,0405,1630,1673,43,3565,1935,1232,-398
REDDING MUNICIPAL AIRPORT CA US,151.5,40.5175,-122.29861,0406,1639,1744,105,3565,1926,1232,-407
REDDING MUNICIPAL AIRPORT CA US,151.5,40.5175,-122.29861,0407,1647,1744,97,3565,1918,1461,-186
REDDING MUNICIPAL AIRPORT CA US,151.5,40.5175,-122.29861,0408,1655,1744,89,3565,1910,1461,-194
REDDING MUNICIPAL AIRPORT CA US,151.5,40.5175,-122.29861,0409,1663,1744,81,3565,1902,1461,-202
REDDING MUNICIPAL AIRPORT CA US,151.5,40.5175,-122.29861,0410,1671,1744,73,3565,1894,1461,-210
REDDING MUNICIPAL AIRPORT CA US,151.5,40.5175,-122.29861,0411,1679,1744,65,3565,1886,1461,-218
REDDING MUNICIPAL AIRPORT CA US,151.5,40.5175,-122.29861,0412,1687,1744,57,3565,1878,1461,-226
REDDING MUNICIPAL AIRPORT CA US,151.5,40.5175,-122.29861,0413,1695,1744,49,3565,1870,1461,-234
REDDING MUNICIPAL AIRPORT CA US,151.5,40.5175,-122.29861,0414,1704,1744,40,3565,1861,1461,-243
REDDING MUNICIPAL AIRPORT CA US,151.5,40.5175,-122.29861,0415,1712,1744,32,3565,1853,1461,-251
REDDING MUNICIPAL AIRPORT CA US,151.5,40.5175,-122.29861,0416,1720,1744,24,3565,1845,1461,-259
REDDING MUNICIPAL AIRPORT CA US,151.5,40.5175,-122.29861,0417,1729,1744,15,3570,1841,1461,-268
REDDING MUNICIPAL AIRPORT CA US,151.5,40.5175,-122.29861,0418,1737,1744,7,3570,1833,1461,-276
REDDING MUNICIPAL AIRPORT CA US,151.5,40.5175,-122.29861,0419,1746,1744,-2,3570,1824,1461,-285
REDDING MUNICIPAL AIRPORT CA US,151.5,40.5175,-122.29861,0420,1754,1744,-10,3570,1816,1461,-293
REDDING MUNICIPAL AIRPORT CA US,151.5,40.5175,-122.29861,0421,1763,1744,-19,3570,1807,1461,-302
REDDING MUNICIPAL AIRPORT CA US,151.5,40.5175,-122.29861,0422,1771,1744,-27,3575,1804,1461,-310
REDDING MUNICIPAL AIRPORT CA US,151.5,40.5175,-122.29861,0423,1779,1744,-35,3575,1796,1461,-318
REDDING MUNICIPAL AIRPORT CA US,151.5,40.5175,-122.29861,0424,1787,1744,-43,3583,1796,1479,-308
REDDING MUNICIPAL AIRPORT CA US,151.5,40.5175,-122.29861,0425,1795,1744,-51,3586,1791,1494,-301
REDDING MUNICIPAL AIRPORT CA US,151.5,40.5175,-122.29861,0426,1803,1744,-59,3589,1786,1494,-309
REDDING MUNICIPAL AIRPORT CA US,151.5,40.5175,-122.29861,0427,1811,1744,-67,3589,1778,1494,-317
REDDING MUNICIPAL AIRPORT CA US,151.5,40.5175,-122.29861,0428,1818,1744,-74,3589,1771,1494,-324
REDDING MUNICIPAL AIRPORT CA US,151.5,40.5175,-122.29861,0429,1825,1744,-81,3589,1764,1494,-331
REDDING MUNICIPAL AIRPORT CA US,151.5,40.5175,-122.29861,0430,1832,1744,-88,3589,1757,1494,-338
REDDING MUNICIPAL AIRPORT CA US,151.5,40.5175,-122.29861,0501,1838,1744,-94,3589,1751,1494,-344
REDDING MUNICIPAL AIRPORT CA US,151.5,40.5175,-122.29861,0502,1845,1744,-101,3589,1744,1494,-351
REDDING MUNICIPAL AIRPORT CA US,151.5,40.5175,-122.29861,0503,1851,1744,-107,3589,1738,1494,-357
REDDING MUNICIPAL AIRPORT CA US,151.5,40.5175,-122.29861,0504,1858,1744,-114,3589,1731,1494,-364
REDDING MUNICIPAL AIRPORT CA US,151.5,40.5175,-122.29861,0505,1864,1752,-112,3589,1725,1494,-370
REDDING MUNICIPAL AIRPORT CA US,151.5,40.5175,-122.29861,0506,1870,1788,-82,3589,1719,1494,-376
REDDING MUNICIPAL AIRPORT CA US,151.5,40.5175,-122.29861,0507,1876,1791,-85,3589,1713,1494,-382
REDDING MUNICIPAL AIRPORT CA US,151.5,40.5175,-122.29861,0508,1881,1791,-90,3602,1721,1494,-387
REDDING MUNICIPAL AIRPORT CA US,151.5,40.5175,-122.29861,0509,1887,1791,-96,3602,1715,1494,-393
REDDING MUNICIPAL AIRPORT CA US,151.5,40.5175,-122.29861,0510,1893,1791,-102,3622,1729,1494,-399
REDDING MUNICIPAL AIRPORT CA US,151.5,40.5175,-122.29861,0511,1898,1791,-107,3622,1724,1494,-404
REDDING MUNICIPAL AIRPORT CA US,151.5,40.5175,-122.29861,0512,1904,1791,-113,3622,1718,1494,-410
REDDING MUNICIPAL AIRPORT CA US,151.5,40.5175,-122.29861,0513,1910,1791,-119,3622,1712,1494,-416
REDDING MUNICIPAL AIRPORT CA US,151.5,40.5175,-122.29861,0514,1916,1791,-125,3622,1706,1494,-422
REDDING MUNICIPAL AIRPORT CA US,151.5,40.5175,-122.29861,0515,1922,1791,-131,3622,1700,1494,-428
REDDING MUNICIPAL AIRPORT CA US,151.5,40.5175,-122.29861,0516,1928,1849,-79,3622,1694,1494,-434
REDDING MUNICIPAL AIRPORT CA US,151.5,40.5175,-122.29861,0517,1934,1849,-85,3622,1688,1494,-440
REDDING MUNICIPAL AIRPORT CA US,151.5,40.5175,-122.29861,0518,1940,1849,-91,3622,1682,1494,-446
REDDING MUNICIPAL AIRPORT CA US,151.5,40.5175,-122.29861,0519,1946,1849,-97,3627,1681,1494,-452
REDDING MUNICIPAL AIRPORT CA US,151.5,40.5175,-122.29861,0520,1952,1849,-103,3627,1675,1494,-458
REDDING MUNICIPAL AIRPORT CA US,151.5,40.5175,-122.29861,0521,1959,1849,-110,3627,1668,1494,-465
REDDING MUNICIPAL AIRPORT CA US,151.5,40.5175,-122.29861,0522,1965,1849,-116,3627,1662,1494,-471
REDDING MUNICIPAL AIRPORT CA US,151.5,40.5175,-122.29861,0523,1971,1849,-122,3627,1656,1494,-477
REDDING MUNICIPAL AIRPORT CA US,151.5,40.5175,-122.29861,0524,1977,1849,-128,3627,1650,1494,-483
REDDING MUNICIPAL AIRPORT CA US,151.5,40.5175,-122.29861,0525,1983,1849,-134,3627,1644,1494,-489
REDDING MUNICIPAL AIRPORT CA US,151.5,40.5175,-122.29861,0526,1989,1849,-140,3627,1638,1494,-495
REDDING MUNICIPAL AIRPORT CA US,151.5,40.5175,-122.29861,0527,1995,1961,-34,3627,1632,1494,-501
REDDING MUNICIPAL AIRPORT CA US,151.5,40.5175,-122.29861,0528,2001,1964,-37,3627,1626,1494,-507
REDDING MUNICIPAL AIRPORT CA US,151.5,40.5175,-122.29861,0529,2006,1964,-42,3627,1621,1494,-512
REDDING MUNICIPAL AIRPORT CA US,151.5,40.5175,-122.29861,0530,2012,1964,-48,3627,1615,1494,-518
REDDING MUNICIPAL AIRPORT CA US,151.5,40.5175,-122.29861,0531,2017,1964,-53,3627,1610,1494,-523
REDDING MUNICIPAL AIRPORT CA US,151.5,40.5175,-122.29861,0601,2022,1964,-58,3627,1605,1494,-528
REDDING MUNICIPAL AIRPORT CA US,151.5,40.5175,-122.29861,0602,2026,1964,-62,3627,1601,1494,-532
REDDING MUNICIPAL AIRPORT CA US,151.5,40.5175,-122.29861,0603,2030,1964,-66,3627,1597,1494,-536
REDDING MUNICIPAL AIRPORT CA US,151.5,40.5175,-122.29861,0604,2034,1964,-70,3627,1593,1494,-540
REDDING MUNICIPAL AIRPORT CA US,151.5,40.5175,-122.29861,0605,2038,1964,-74,3627,1589,1494,-544
REDDING MUNICIPAL AIRPORT CA US,151.5,40.5175,-122.29861,0606,2042,1964,-78,3627,1585,1494,-548
REDDING MUNICIPAL AIRPORT CA US,151.5,40.5175,-122.29861,0607,2046,1964,-82,3627,1581,1494,-552
REDDING MUNICIPAL AIRPORT CA US,151.5,40.5175,-122.29861,0608,2050,1964,-86,3627,1577,1494,-556
REDDING MUNICIPAL AIRPORT CA US,151.5,40.5175,-122.29861,0609,2053,1964,-89,3627,1574,1494,-559
REDDING MUNICIPAL AIRPORT CA US,151.5,40.5175,-122.29861,0610,2056,1964,-92,3627,1571,1494,-562
REDDING MUNICIPAL AIRPORT CA US,151.5,40.5175,-122.29861,0611,2059,1964,-95,3627,1568,1494,-565
REDDING MUNICIPAL AIRPORT CA US,151.5,40.5175,-122.29861,0612,2062,1964,-98,3627,1565,1494,-568
REDDING MUNICIPAL AIRPORT CA US,151.5,40.5175,-122.29861,0613,2065,1964,-101,3627,1562,1494,-571
REDDING MUNICIPAL AIRPORT CA US,151.5,40.5175,-122.29861,0614,2067,1964,-103,3627,1560,1494,-573
REDDING MUNICIPAL AIRPORT CA US,151.5,40.5175,-122.29861,0615,2069,1964,-105,3627,1558,1494,-575
REDDING MUNICIPAL AIRPORT CA US,151.5,40.5175,-122.29861,0616,2071,1964,-107,3627,1556,1494,-577
REDDING MUNICIPAL AIRPORT CA US,151.5,40.5175,-122.29861,0617,2073,1964,-109,3627,1554,1494,-579
REDDING MUNICIPAL AIRPORT CA US,151.5,40.5175,-122.29861,0618,2075,1964,-111,3627,1552,1494,-581
REDDING MUNICIPAL AIRPORT CA US,151.5,40.5175,-122.29861,0619,2076,1964,-112,3627,1551,1494,-582
REDDING MUNICIPAL AIRPORT CA US,151.5,40.5175,-122.29861,0620,2078,1964,-114,3627,1549,1494,-584
REDDING MUNICIPAL AIRPORT CA US,151.5,40.5175,-122.29861,0621,2079,1964,-115,3627,1548,1494,-585
REDDING MUNICIPAL AIRPORT CA US,151.5,40.5175,-122.29861,0622,2080,1964,-116,3627,1547,1494,-586
REDDING MUNICIPAL AIRPORT CA US,151.5,40.5175,-122.29861,0623,2081,2127,46,3627,1546,1494,-587
REDDING MUNICIPAL AIRPORT CA US,151.5,40.5175,-122.29861,0624,2082,2163,81,3627,1545,1494,-588
REDDING MUNICIPAL AIRPORT CA US,151.5,40.5175,-122.29861,0625,2083,2366,283,3627,1544,1494,-589
REDDING MUNICIPAL AIRPORT CA US,151.5,40.5175,-122.29861,0626,2084,2366,282,3627,1543,1494,-590
REDDING MUNICIPAL AIRPORT CA US,151.5,40.5175,-122.29861,0627,2084,2366,282,3627,1543,1494,-590
REDDING MUNICIPAL AIRPORT CA US,151.5,40.5175,-122.29861,0628,2085,2366,281,3627,1542,1494,-591
REDDING MUNICIPAL AIRPORT CA US,151.5,40.5175,-122.29861,0629,2086,2366,280,3627,1541,1494,-592
REDDING MUNICIPAL AIRPORT CA US,151.5,40.5175,-122.29861,0630,2086,2366,280,3627,1541,1494,-592
REDDING MUNICIPAL AIRPORT CA US,151.5,40.5175,-122.29861,0701,2086,2366,280,3627,1541,1494,-592
REDDING MUNICIPAL AIRPORT CA US,151.5,40.5175,-122.29861,0702,2086,2366,280,3627,1541,1494,-592
REDDING MUNICIPAL AIRPORT CA US,151.5,40.5175,-122.29861,0703,2087,2366,279,3627,1540,1494,-593
REDDING MUNICIPAL AIRPORT CA US,151.5,40.5175,-122.29861,0704,2087,2366,279,3627,1540,1494,-593
REDDING MUNICIPAL AIRPORT CA US,151.5,40.5175,-122.29861,0705,2088,2366,278,3627,1539,1494,-594
REDDING MUNICIPAL AIRPORT CA US,151.5,40.5175,-122.29861,0706,2088,2366,278,3627,1539,1494,-594
REDDING MUNICIPAL AIRPORT CA US,151.5,40.5175,-122.29861,0707,2088,2366,278,3627,1539,1494,-594
REDDING MUNICIPAL AIRPORT CA US,151.5,40.5175,-122.29861,0708,2089,2366,277,3627,1538,1494,-595
REDDING MUNICIPAL AIRPORT CA US,151.5,40.5175,-122.29861,0709,2089,2366,277,3627,1538,1494,-595
REDDING MUNICIPAL AIRPORT CA US,151.5,40.5175,-122.29861,0710,2089,2366,277,3627,1538,1494,-595
REDDING MUNICIPAL AIRPORT CA US,151.5,40.5175,-122.29861,0711,2090,2366,276,3630,1540,1494,-596
REDDING MUNICIPAL AIRPORT CA US,151.5,40.5175,-122.29861,0712,2090,2366,276,3630,1540,1494,-596
REDDING MUNICIPAL AIRPORT CA US,151.5,40.5175,-122.29861,0713,2090,2366,276,3630,1540,1494,-596
REDDING MUNICIPAL AIRPORT CA US,151.5,40.5175,-122.29861,0714,2090,2366,276,3630,1540,1494,-596
REDDING MUNICIPAL AIRPORT CA US,151.5,40.5175,-122.29861,0715,2091,2366,275,3630,1539,1494,-597
REDDING MUNICIPAL AIRPORT CA US,151.5,40.5175,-122.29861,0716,2091,2366,275,3630,1539,1494,-597
REDDING MUNICIPAL AIRPORT CA US,151.5,40.5175,-122.29861,0717,2091,2366,275,3643,1552,1494,-597
REDDING MUNICIPAL AIRPORT CA US,151.5,40.5175,-122.29861,0718,2091,2366,275,3643,1552,1494,-597
REDDING MUNICIPAL AIRPORT CA US,151.5,40.5175,-122.29861,0719,2092,2366,274,3643,1551,1494,-598
REDDING MUNICIPAL AIRPORT CA US,151.5,40.5175,-122.29861,0720,2092,2366,274,3643,1551,1494,-598
REDDING MUNICIPAL AIRPORT CA US,151.5,40.5175,-122.29861,0721,2092,2366,274,3651,1559,1494,-598
REDDING MUNICIPAL AIRPORT CA US,151.5,40.5175,-122.29861,0722,2092,2366,274,3651,1559,1494,-598
REDDING MUNICIPAL AIRPORT CA US,151.5,40.5175,-122.29861,0723,2093,2366,273,3651,1558,1494,-599
REDDING MUNICIPAL AIRPORT CA US,151.5,40.5175,-122.29861,0724,2093,2366,273,3651,1558,1494,-599
REDDING MUNICIPAL AIRPORT CA US,151.5,40.5175,-122.29861,0725,2093,2366,273,3651,1558,1494,-599
REDDING MUNICIPAL AIRPORT CA US,151.5,40.5175,-122.29861,0726,2094,2366,272,3651,1557,1494,-600
REDDING MUNICIPAL AIRPORT CA US,151.5,40.5175,-122.29861,0727,2094,2366,272,3651,1557,1494,-600
REDDING MUNICIPAL AIRPORT CA US,151.5,40.5175,-122.29861,0728,2094,2366,272,3651,1557,1494,-600
REDDING MUNICIPAL AIRPORT CA US,151.5,40.5175,-122.29861,0729,2094,2366,272,3651,1557,1494,-600
REDDING MUNICIPAL AIRPORT CA US,151.5,40.5175,-122.29861,0730,2095,2366,271,3651,1556,1494,-601
REDDING MUNICIPAL AIRPORT CA US,151.5,40.5175,-122.29861,0731,2095,2366,271,3651,1556,1494,-601
REDDING MUNICIPAL AIRPORT CA US,151.5,40.5175,-122.29861,0801,2095,2366,271,3651,1556,1494,-601
REDDING MUNICIPAL AIRPORT CA US,151.5,40.5175,-122.29861,0802,2096,2366,270,3651,1555,1494,-602
REDDING MUNICIPAL AIRPORT CA US,151.5,40.5175,-122.29861,0803,2096,2366,270,3651,1555,1494,-602
REDDING MUNICIPAL AIRPORT CA US,151.5,40.5175,-122.29861,0804,2096,2366,270,3664,1568,1494,-602
REDDING MUNICIPAL AIRPORT CA US,151.5,40.5175,-122.29861,0805,2097,2366,269,3682,1585,1494,-603
REDDING MUNICIPAL AIRPORT CA US,151.5,40.5175,-122.29861,0806,2097,2366,269,3682,1585,1494,-603
REDDING MUNICIPAL AIRPORT CA US,151.5,40.5175,-122.29861,0807,2097,2366,269,3682,1585,1494,-603
REDDING MUNICIPAL AIRPORT CA US,151.5,40.5175,-122.29861,0808,2098,2366,268,3682,1584,1494,-604
REDDING MUNICIPAL AIRPORT CA US,151.5,40.5175,-122.29861,0809,2098,2366,268,3682,1584,1494,-604
REDDING MUNICIPAL AIRPORT CA US,151.5,40.5175,-122.29861,0810,2099,2366,267,3682,1583,1494,-605
REDDING MUNICIPAL AIRPORT CA US,151.5,40.5175,-122.29861,0811,2099,2366,267,3682,1583,1494,-605
REDDING MUNICIPAL AIRPORT CA US,151.5,40.5175,-122.29861,0812,2100,2366,266,3682,1582,1494,-606
REDDING MUNICIPAL AIRPORT CA US,151.5,40.5175,-122.29861,0813,2100,2366,266,3682,1582,1494,-606
REDDING MUNICIPAL AIRPORT CA US,151.5,40.5175,-122.29861,0814,2101,2366,265,3682,1581,1494,-607
REDDING MUNICIPAL AIRPORT CA US,151.5,40.5175,-122.29861,0815,2101,2366,265,3682,1581,1494,-607
REDDING MUNICIPAL AIRPORT CA US,151.5,40.5175,-122.29861,0816,2102,2366,264,3682,1580,1494,-608
REDDING MUNICIPAL AIRPORT CA US,151.5,40.5175,-122.29861,0817,2102,2366,264,3682,1580,1494,-608
REDDING MUNICIPAL AIRPORT CA US,151.5,40.5175,-122.29861,0818,2103,2366,263,3682,1579,1494,-609
REDDING MUNICIPAL AIRPORT CA US,151.5,40.5175,-122.29861,0819,2103,2366,263,3682,1579,1494,-609
REDDING MUNICIPAL AIRPORT CA US,151.5,40.5175,-122.29861,0820,2104,2366,262,3682,1578,1494,-610
REDDING MUNICIPAL AIRPORT CA US,151.5,40.5175,-122.29861,0821,2105,2366,261,3682,1577,1494,-611
REDDING MUNICIPAL AIRPORT CA US,151.5,40.5175,-122.29861,0822,2106,2366,260,3682,1576,1494,-612
REDDING MUNICIPAL AIRPORT CA US,151.5,40.5175,-122.29861,0823,2107,2366,259,3682,1575,1494,-613
REDDING MUNICIPAL AIRPORT CA US,151.5,40.5175,-122.29861,0824,2107,2366,259,3682,1575,1494,-613
REDDING MUNICIPAL AIRPORT CA US,151.5,40.5175,-122.29861,0825,2108,2366,258,3682,1574,1494,-614
REDDING MUNICIPAL AIRPORT CA US,151.5,40.5175,-122.29861,0826,2109,2366,257,3682,1573,1494,-615
REDDING MUNICIPAL AIRPORT CA US,151.5,40.5175,-122.29861,0827,2110,2366,256,3682,1572,1494,-616
REDDING MUNICIPAL AIRPORT CA US,151.5,40.5175,-122.29861,0828,2110,2366,256,3682,1572,1494,-616
REDDING MUNICIPAL AIRPORT CA US,151.5,40.5175,-122.29861,0829,2111,2366,255,3682,1571,1494,-617
REDDING MUNICIPAL AIRPORT CA US,151.5,40.5175,-122.29861,0830,2112,2366,254,3682,1570,1494,-618
REDDING MUNICIPAL AIRPORT CA US,151.5,40.5175,-122.29861,0831,2113,2366,253,3682,1569,1494,-619
REDDING MUNICIPAL AIRPORT CA US,151.5,40.5175,-122.29861,0901,2114,2366,252,3682,1568,1494,-620
REDDING MUNICIPAL AIRPORT CA US,151.5,40.5175,-122.29861,0902,2115,2366,251,3682,1567,1494,-621
REDDING MUNICIPAL AIRPORT CA US,151.5,40.5175,-122.29861,0903,2117,2366,249,3682,1565,1494,-623
REDDING MUNICIPAL AIRPORT CA US,151.5,40.5175,-122.29861,0904,2119,2366,247,3682,1563,1494,-625
REDDING MUNICIPAL AIRPORT CA US,151.5,40.5175,-122.29861,0905,2121,2366,245,3682,1561,1494,-627
REDDING MUNICIPAL AIRPORT CA US,151.5,40.5175,-122.29861,0906,2123,2366,243,3682,1559,1494,-629
REDDING MUNICIPAL AIRPORT CA US,151.5,40.5175,-122.29861,0907,2125,2366,241,3682,1557,1494,-631
REDDING MUNICIPAL AIRPORT CA US,151.5,40.5175,-122.29861,0908,2127,2366,239,3682,1555,1494,-633
REDDING MUNICIPAL AIRPORT CA US,151.5,40.5175,-122.29861,0909,2128,2366,238,3682,1554,1494,-634
REDDING MUNICIPAL AIRPORT CA US,151.5,40.5175,-122.29861,0910,2130,2366,236,3682,1552,1494,-636
REDDING MUNICIPAL AIRPORT CA US,151.5,40.5175,-122.29861,0911,2133,2366,233,3682,1549,1494,-639
REDDING MUNICIPAL AIRPORT CA US,151.5,40.5175,-122.29861,0912,2135,2366,231,3682,1547,1494,-641
REDDING MUNICIPAL AIRPORT CA US,151.5,40.5175,-122.29861,0913,2137,2366,229,3682,1545,1494,-643
REDDING MUNICIPAL AIRPORT CA US,151.5,40.5175,-122.29861,0914,2139,2366,227,3682,1543,1494,-645
REDDING MUNICIPAL AIRPORT CA US,151.5,40.5175,-122.29861,0915,2141,2366,225,3682,1541,1494,-647
REDDING MUNICIPAL AIRPORT CA US,151.5,40.5175,-122.29861,0916,2143,2366,223,3682,1539,1494,-649
REDDING MUNICIPAL AIRPORT CA US,151.5,40.5175,-122.29861,0917,2145,2366,221,3682,1537,1494,-651
REDDING MUNICIPAL AIRPORT CA US,151.5,40.5175,-122.29861,0918,2147,2366,219,3682,1535,1494,-653
REDDING MUNICIPAL AIRPORT CA US,151.5,40.5175,-122.29861,0919,2149,2366,217,3682,1533,1494,-655
REDDING MUNICIPAL AIRPORT CA US,151.5,40.5175,-122.29861,0920,2151,2391,240,3682,1531,1494,-657
REDDING MUNICIPAL AIRPORT CA US,151.5,40.5175,-122.29861,0921,2153,2701,548,3682,1529,1494,-659
REDDING MUNICIPAL AIRPORT CA US,151.5,40.5175,-122.29861,0922,2155,2701,546,3682,1527,1494,-661
REDDING MUNICIPAL AIRPORT CA US,151.5,40.5175,-122.29861,0923,2157,2701,544,3682,1525,1494,-663
REDDING MUNICIPAL AIRPORT CA US,151.5,40.5175,-122.29861,0924,2160,2701,541,3880,1720,1494,-666
REDDING MUNICIPAL AIRPORT CA US,151.5,40.5175,-122.29861,0925,2162,2711,549,4502,2340,1494,-668
REDDING MUNICIPAL AIRPORT CA US,151.5,40.5175,-122.29861,0926,2165,2711,546,4502,2337,1494,-671
REDDING MUNICIPAL AIRPORT CA US,151.5,40.5175,-122.29861,0927,2168,2711,543,4502,2334,1494,-674
REDDING MUNICIPAL AIRPORT CA US,151.5,40.5175,-122.29861,0928,2171,2711,540,4502,2331,1494,-677
REDDING MUNICIPAL AIRPORT CA US,151.5,40.5175,-122.29861,0929,2174,2711,537,4502,2328,1494,-680
REDDING MUNICIPAL AIRPORT CA US,151.5,40.5175,-122.29861,0930,2177,2719,542,4502,2325,1494,-683
REDDING MUNICIPAL AIRPORT CA US,151.5,40.5175,-122.29861,1001,2180,2719,539,4502,2322,1494,-686
REDDING MUNICIPAL AIRPORT CA US,151.5,40.5175,-122.29861,1002,2183,2719,536,4502,2319,1494,-689
REDDING MUNICIPAL AIRPORT CA US,151.5,40.5175,-122.29861,1003,2186,2719,533,4502,2316,1494,-692
REDDING MUNICIPAL AIRPORT CA US,151.5,40.5175,-122.29861,1004,2189,2719,530,4502,2313,1494,-695
REDDING MUNICIPAL AIRPORT CA US,151.5,40.5175,-122.29861,1005,2192,2719,527,4502,2310,1494,-698
REDDING MUNICIPAL AIRPORT CA US,151.5,40.5175,-122.29861,1006,2196,2719,523,4502,2306,1494,-702
REDDING MUNICIPAL AIRPORT CA US,151.5,40.5175,-122.29861,1007,2200,2719,519,4502,2302,1494,-706
REDDING MUNICIPAL AIRPORT CA US,151.5,40.5175,-122.29861,1008,2204,2719,515,4502,2298,1494,-710
REDDING MUNICIPAL AIRPORT CA US,151.5,40.5175,-122.29861,1009,2208,2719,511,4502,2294,1494,-714
REDDING MUNICIPAL AIRPORT CA US,151.5,40.5175,-122.29861,1010,2213,2719,506,4502,2289,1494,-719
REDDING MUNICIPAL AIRPORT CA US,151.5,40.5175,-122.29861,1011,2218,2719,501,4502,2284,1494,-724
REDDING MUNICIPAL AIRPORT CA US,151.5,40.5175,-122.29861,1012,2224,2722,498,4502,2278,1494,-730
REDDING MUNICIPAL AIRPORT CA US,151.5,40.5175,-122.29861,1013,2230,2722,492,4502,2272,1494,-736
REDDING MUNICIPAL AIRPORT CA US,151.5,40.5175,-122.29861,1014,2236,2722,486,4505,2269,1494,-742
REDDING MUNICIPAL AIRPORT CA US,151.5,40.5175,-122.29861,1015,2243,2722,479,4528,2285,1494,-749
REDDING MUNICIPAL AIRPORT CA US,151.5,40.5175,-122.29861,1016,2250,2722,472,4528,2278,1494,-756
REDDING MUNICIPAL AIRPORT CA US,151.5,40.5175,-122.29861,1017,2258,2722,464,4528,2270,1494,-764
REDDING MUNICIPAL AIRPORT CA US,151.5,40.5175,-122.29861,1018,2265,2722,457,4528,2263,1494,-771
REDDING MUNICIPAL AIRPORT CA US,151.5,40.5175,-122.29861,1019,2273,2722,449,4528,2255,1494,-779
REDDING MUNICIPAL AIRPORT CA US,151.5,40.5175,-122.29861,1020,2281,2722,441,4584,2303,1494,-787
REDDING MUNICIPAL AIRPORT CA US,151.5,40.5175,-122.29861,1021,2290,2722,432,4584,2294,1494,-796
REDDING MUNICIPAL AIRPORT CA US,151.5,40.5175,-122.29861,1022,2298,2722,424,4589,2291,1494,-804
REDDING MUNICIPAL AIRPORT CA US,151.5,40.5175,-122.29861,1023,2306,2722,416,4698,2392,1494,-812
REDDING MUNICIPAL AIRPORT CA US,151.5,40.5175,-122.29861,1024,2315,2722,407,4698,2383,1494,-821
REDDING MUNICIPAL AIRPORT CA US,151.5,40.5175,-122.29861,1025,2324,2722,398,4962,2638,1494,-830
REDDING MUNICIPAL AIRPORT CA US,151.5,40.5175,-122.29861,1026,2334,2722,388,4962,2628,1494,-840
REDDING MUNICIPAL AIRPORT CA US,151.5,40.5175,-122.29861,1027,2344,2722,378,4962,2618,1494,-850
REDDING MUNICIPAL AIRPORT CA US,151.5,40.5175,-122.29861,1028,2354,2722,368,4962,2608,1494,-860
REDDING MUNICIPAL AIRPORT CA US,151.5,40.5175,-122.29861,1029,2365,2722,357,4962,2597,1494,-871
REDDING MUNICIPAL AIRPORT CA US,151.5,40.5175,-122.29861,1030,2376,2722,346,4962,2586,1494,-882
REDDING MUNICIPAL AIRPORT CA US,151.5,40.5175,-122.29861,1031,2387,2722,335,5048,2661,1494,-893
REDDING MUNICIPAL AIRPORT CA US,151.5,40.5175,-122.29861,1101,2399,2722,323,5048,2649,1494,-905
REDDING MUNICIPAL AIRPORT CA US,151.5,40.5175,-122.29861,1102,2411,2722,311,5048,2637,1494,-917
REDDING MUNICIPAL AIRPORT CA US,151.5,40.5175,-122.29861,1103,2424,2722,298,5048,2624,1494,-930
REDDING MUNICIPAL AIRPORT CA US,151.5,40.5175,-122.29861,1104,2436,2722,286,5048,2612,1494,-942
REDDING MUNICIPAL AIRPORT CA US,151.5,40.5175,-122.29861,1105,2448,2722,274,5048,2600,1494,-954
REDDING MUNICIPAL AIRPORT CA US,151.5,40.5175,-122.29861,1106,2461,2722,261,5048,2587,1494,-967
REDDING MUNICIPAL AIRPORT CA US,151.5,40.5175,-122.29861,1107,2473,2722,249,5048,2575,1494,-979
REDDING MUNICIPAL AIRPORT CA US,151.5,40.5175,-122.29861,1108,2486,2722,236,5048,2562,1494,-992
REDDING MUNICIPAL AIRPORT CA US,151.5,40.5175,-122.29861,1109,2498,2722,224,5048,2550,1494,-1004
REDDING MUNICIPAL AIRPORT CA US,151.5,40.5175,-122.29861,1110,2511,2722,211,5048,2537,1494,-1017
REDDING MUNICIPAL AIRPORT CA US,151.5,40.5175,-122.29861,1111,2525,2722,197,5048,2523,1494,-1031
REDDING MUNICIPAL AIRPORT CA US,151.5,40.5175,-122.29861,1112,2538,2722,184,5053,2515,1494,-1044
REDDING MUNICIPAL AIRPORT CA US,151.5,40.5175,-122.29861,1113,2551,2722,171,5089,2538,1494,-1057
REDDING MUNICIPAL AIRPORT CA US,151.5,40.5175,-122.29861,1114,2564,2722,158,5089,2525,1494,-1070
REDDING MUNICIPAL AIRPORT CA US,151.5,40.5175,-122.29861,1115,2577,2722,145,5089,2512,1494,-1083
REDDING MUNICIPAL AIRPORT CA US,151.5,40.5175,-122.29861,1116,2592,2722,130,5089,2497,1494,-1098
REDDING MUNICIPAL AIRPORT CA US,151.5,40.5175,-122.29861,1117,2607,2722,115,5089,2482,1494,-1113
REDDING MUNICIPAL AIRPORT CA US,151.5,40.5175,-122.29861,1118,2622,2758,136,5089,2467,1494,-1128
REDDING MUNICIPAL AIRPORT CA US,151.5,40.5175,-122.29861,1119,2637,3088,451,5249,2612,1494,-1143
REDDING MUNICIPAL AIRPORT CA US,151.5,40.5175,-122.29861,1120,2653,3159,506,5318,2665,1494,-1159
REDDING MUNICIPAL AIRPORT CA US,151.5,40.5175,-122.29861,1121,2669,3159,490,5455,2786,1494,-1175
REDDING MUNICIPAL AIRPORT CA US,151.5,40.5175,-122.29861,1122,2686,3159,473,5696,3010,1494,-1192
REDDING MUNICIPAL AIRPORT CA US,151.5,40.5175,-122.29861,1123,2703,3159,456,5696,2993,1494,-1209
REDDING MUNICIPAL AIRPORT CA US,151.5,40.5175,-122.29861,1124,2721,3159,438,5696,2975,1494,-1227
REDDING MUNICIPAL AIRPORT CA US,151.5,40.5175,-122.29861,1125,2738,3159,421,5696,2958,1494,-1244
REDDING MUNICIPAL AIRPORT CA US,151.5,40.5175,-122.29861,1126,2756,3159,403,5696,2940,1494,-1262
REDDING MUNICIPAL AIRPORT CA US,151.5,40.5175,-122.29861,1127,2775,3159,384,5696,2921,1494,-1281
REDDING MUNICIPAL AIRPORT CA US,151.5,40.5175,-122.29861,1128,2793,3159,366,5808,3015,1494,-1299
REDDING MUNICIPAL AIRPORT CA US,151.5,40.5175,-122.29861,1129,2814,3159,345,5889,3075,1494,-1320
REDDING MUNICIPAL AIRPORT CA US,151.5,40.5175,-122.29861,1130,2835,3159,324,5991,3156,1494,-1341
REDDING MUNICIPAL AIRPORT CA US,151.5,40.5175,-122.29861,1201,2853,3159,306,6011,3158,1494,-1359
REDDING MUNICIPAL AIRPORT CA US,151.5,40.5175,-122.29861,1202,2871,3159,288,6097,3226,1494,-1377
REDDING MUNICIPAL AIRPORT CA US,151.5,40.5175,-122.29861,1203,2889,3159,270,6450,3561,1494,-1395
REDDING MUNICIPAL AIRPORT CA US,151.5,40.5175,-122.29861,1204,2908,3159,251,6562,3654,1494,-1414
REDDING MUNICIPAL AIRPORT CA US,151.5,40.5175,-122.29861,1205,2926,3159,233,6671,3745,1494,-1432
REDDING MUNICIPAL AIRPORT CA US,151.5,40.5175,-122.29861,1206,2945,3256,311,6674,3729,1494,-1451
REDDING MUNICIPAL AIRPORT CA US,151.5,40.5175,-122.29861,1207,2964,3256,292,6677,3713,1494,-1470
REDDING MUNICIPAL AIRPORT CA US,151.5,40.5175,-122.29861,1208,2982,3256,274,6715,3733,1494,-1488
REDDING MUNICIPAL AIRPORT CA US,151.5,40.5175,-122.29861,1209,3001,3256,255,6720,3719,1494,-1507
REDDING MUNICIPAL AIRPORT CA US,151.5,40.5175,-122.29861,1210,3019,3256,237,7017,3998,1494,-1525
REDDING MUNICIPAL AIRPORT CA US,151.5,40.5175,-122.29861,1211,3037,3256,219,7568,4531,1494,-1543
REDDING MUNICIPAL AIRPORT CA US,151.5,40.5175,-122.29861,1212,3056,3256,200,7609,4553,1494,-1562
REDDING MUNICIPAL AIRPORT CA US,151.5,40.5175,-122.29861,1213,3076,3256,180,7609,4533,1494,-1582
REDDING MUNICIPAL AIRPORT CA US,151.5,40.5175,-122.29861,1214,3096,3256,160,7609,4513,1494,-1602
REDDING MUNICIPAL AIRPORT CA US,151.5,40.5175,-122.29861,1215,3117,3256,139,7881,4764,1494,-1623
REDDING MUNICIPAL AIRPORT CA US,151.5,40.5175,-122.29861,1216,3138,3256,118,8026,4888,1494,-1644
REDDING MUNICIPAL AIRPORT CA US,151.5,40.5175,-122.29861,1217,3159,3256,97,8196,5037,1494,-1665
REDDING MUNICIPAL AIRPORT CA US,151.5,40.5175,-122.29861,1218,3181,3256,75,8303,5122,1494,-1687
REDDING MUNICIPAL AIRPORT CA US,151.5,40.5175,-122.29861,1219,3202,3256,54,8468,5266,1494,-1708
REDDING MUNICIPAL AIRPORT CA US,151.5,40.5175,-122.29861,1220,3224,3256,32,8585,5361,1494,-1730
REDDING MUNICIPAL AIRPORT CA US,151.5,40.5175,-122.29861,1221,3246,3256,10,8593,5347,1494,-1752
REDDING MUNICIPAL AIRPORT CA US,151.5,40.5175,-122.29861,1222,3267,3256,-11,8593,5326,1494,-1773
REDDING MUNICIPAL AIRPORT CA US,151.5,40.5175,-122.29861,1223,3288,3256,-32,8593,5305,1494,-1794
REDDING MUNICIPAL AIRPORT CA US,151.5,40.5175,-122.29861,1224,3310,3256,-54,8626,5316,1494,-1816
REDDING MUNICIPAL AIRPORT CA US,151.5,40.5175,-122.29861,1225,3332,3256,-76,8626,5294,1494,-1838
REDDING MUNICIPAL AIRPORT CA US,151.5,40.5175,-122.29861,1226,3354,3256,-98,8626,5272,1494,-1860
REDDING MUNICIPAL AIRPORT CA US,151.5,40.5175,-122.29861,1227,3376,3256,-120,8626,5250,1494,-1882
REDDING MUNICIPAL AIRPORT CA US,151.5,40.5175,-122.29861,1228,3398,3256,-142,8626,5228,1494,-1904
REDDING MUNICIPAL AIRPORT CA US,151.5,40.5175,-122.29861,1229,3419,3256,-163,8631,5212,1494,-1925
REDDING MUNICIPAL AIRPORT CA US,151.5,40.5175,-122.29861,1230,3440,3256,-184,8631,5191,1494,-1946
REDDING MUNICIPAL AIRPORT CA US,151.5,40.5175,-122.29861,1231,3462,3256,-206,8631,5169,1494,-1968
OROVILLE MUNICIPAL AIRPORT CA US,57.9,39.49,-121.61833,0101,35,0,-35,0,-35,0,-35
OROVILLE MUNICIPAL AIRPORT CA US,57.9,39.49,-121.61833,0102,69,0,-69,0,-69,0,-69
OROVILLE MUNICIPAL AIRPORT CA US,57.9,39.49,-121.61833,0103,102,0,-102,0,-102,0,-102
OROVILLE MUNICIPAL AIRPORT CA US,57.9,39.49,-121.61833,0104,133,0,-133,0,-133,0,-133
OROVILLE MUNICIPAL AIRPORT CA US,57.9,39.49,-121.61833,0105,163,43,-120,0,-163,0,-163
OROVILLE MUNICIPAL AIRPORT CA US,57.9,39.49,-121.61833,0106,192,89,-103,0,-192,0,-192
OROVILLE MUNICIPAL AIRPORT CA US,57.9,39.49,-121.61833,0107,222,89,-133,0,-222,0,-222
OROVILLE MUNICIPAL AIRPORT CA US,57.9,39.49,-121.61833,0108,251,89,-162,0,-251,0,-251
OROVILLE MUNICIPAL AIRPORT CA US,57.9,39.49,-121.61833,0109,281,99,-182,0,-281,0,-281
OROVILLE MUNICIPAL AIRPORT CA US,57.9,39.49,-121.61833,0110,311,99,-212,0,-311,0,-311
OROVILLE MUNICIPAL AIRPORT CA US,57.9,39.49,-121.61833,0111,340,99,-241,0,-340,0,-340
OROVILLE MUNICIPAL AIRPORT CA US,57.9,39.49,-121.61833,0112,366,99,-267,0,-366,0,-366
OROVILLE MUNICIPAL AIRPORT CA US,57.9,39.49,-121.61833,0113,391,99,-292,0,-391,0,-391
OROVILLE MUNICIPAL AIRPORT CA US,57.9,39.49,-121.61833,0114,414,99,-315,0,-414,0,-414
OROVILLE MUNICIPAL AIRPORT CA US,57.9,39.49,-121.61833,0115,436,99,-337,0,-436,0,-436
OROVILLE MUNICIPAL AIRPORT CA US,57.9,39.49,-121.61833,0116,455,99,-356,0,-455,23,-432
OROVILLE MUNICIPAL AIRPORT CA US,57.9,39.49,-121.61833,0117,472,99,-373,0,-472,23,-449
OROVILLE MUNICIPAL AIRPORT CA US,57.9,39.49,-121.61833,0118,489,99,-390,0,-489,23,-466
OROVILLE MUNICIPAL AIRPORT CA US,57.9,39.49,-121.61833,0119,507,99,-408,0,-507,23,-484
OROVILLE MUNICIPAL AIRPORT CA US,57.9,39.49,-121.61833,0120,524,99,-425,0,-524,23,-501
OROVILLE MUNICIPAL AIRPORT CA US,57.9,39.49,-121.61833,0121,541,99,-442,0,-541,23,-518
OROVILLE MUNICIPAL AIRPORT CA US,57.9,39.49,-121.61833,0122,556,99,-457,0,-556,23,-533
OROVILLE MUNICIPAL AIRPORT CA US,57.9,39.49,-121.61833,0123,569,157,-412,0,-569,23,-546
OROVILLE MUNICIPAL AIRPORT CA US,57.9,39.49,-121.61833,0124,582,172,-410,0,-582,23,-559
OROVILLE MUNICIPAL AIRPORT CA US,57.9,39.49,-121.61833,0125,593,175,-418,0,-593,23,-570
OROVILLE MUNICIPAL AIRPORT CA US,57.9,39.49,-121.61833,0126,604,175,-429,0,-604,23,-581
OROVILLE MUNICIPAL AIRPORT CA US,57.9,39.49,-121.61833,0127,615,175,-440,0,-615,23,-592
OROVILLE MUNICIPAL AIRPORT CA US,57.9,39.49,-121.61833,0128,626,175,-451,0,-626,23,-603
OROVILLE MUNICIPAL AIRPORT CA US,57.9,39.49,-121.61833,0129,637,175,-462,94,-543,23,-614
OROVILLE MUNICIPAL AIRPORT CA US,57.9,39.49,-121.61833,0130,650,175,-475,94,-556,23,-627
OROVILLE MUNICIPAL AIRPORT CA US,57.9,39.49,-121.61833,0131,662,175,-487,94,-568,23,-639
OROVILLE MUNICIPAL AIRPORT CA US,57.9,39.49,-121.61833,0201,674,175,-499,94,-580,23,-651
OROVILLE MUNICIPAL AIRPORT CA US,57.9,39.49,-121.61833,0202,689,175,-514,94,-595,23,-666
OROVILLE MUNICIPAL AIRPORT CA US,57.9,39.49,-121.61833,0203,705,175,-530,94,-611,23,-682
OROVILLE MUNICIPAL AIRPORT CA US,57.9,39.49,-121.61833,0204,722,175,-547,94,-628,23,-699
OROVILLE MUNICIPAL AIRPORT CA US,57.9,39.49,-121.61833,0205,741,175,-566,99,-642,23,-718
OROVILLE MUNICIPAL AIRPORT CA US,57.9,39.49,-121.61833,0206,759,175,-584,188,-571,368,-391
OROVILLE MUNICIPAL AIRPORT CA US,57.9,39.49,-121.61833,0207,778,213,-565,353,-425,368,-410
OROVILLE MUNICIPAL AIRPORT CA US,57.9,39.49,-121.61833,0208,797,213,-584,681,-116,612,-185
OROVILLE MUNICIPAL AIRPORT CA US,57.9,39.49,-121.61833,0209,815,213,-602,869,54,653,-162
OROVILLE MUNICIPAL AIRPORT CA US,57.9,39.49,-121.61833,0210,833,213,-620,1039,206,653,-180
OROVILLE MUNICIPAL AIRPORT CA US,57.9,39.49,-121.61833,0211,852,213,-639,1039,187,653,-199
OROVILLE MUNICIPAL AIRPORT CA US,57.9,39.49,-121.61833,0212,870,213,-657,1039,169,653,-217
OROVILLE MUNICIPAL AIRPORT CA US,57.9,39.49,-121.61833,0213,889,213,-676,1039,150,653,-236
OROVILLE MUNICIPAL AIRPORT CA US,57.9,39.49,-121.61833,0214,908,213,-695,1039,131,653,-255
OROVILLE MUNICIPAL AIRPORT CA US,57.9,39.49,-121.61833,0215,929,213,-716,1042,113,653,-276
OROVILLE MUNICIPAL AIRPORT CA US,57.9,39.49,-121.61833,0216,951,213,-738,1042,91,653,-298
OROVILLE MUNICIPAL AIRPORT CA US,57.9,39.49,-121.61833,0217,972,213,-759,1042,70,653,-319
OROVILLE MUNICIPAL AIRPORT CA US,57.9,39.49,-121.61833,0218,994,213,-781,1042,48,653,-341
OROVILLE MUNICIPAL AIRPORT CA US,57.9,39.49,-121.61833,0219,1015,320,-695,1045,30,653,-362
OROVILLE MUNICIPAL AIRPORT CA US,57.9,39.49,-121.61833,0220,1037,320,-717,1045,8,653,-384
OROVILLE MUNICIPAL AIRPORT CA US,57.9,39.49,-121.61833,0221,1059,320,-739,1045,-14,653,-406
OROVILLE MUNICIPAL AIRPORT CA US,57.9,39.49,-121.61833,0222,1080,320,-760,1045,-35,653,-427
OROVILLE MUNICIPAL AIRPORT CA US,57.9,39.49,-121.61833,0223,1102,320,-782,1045,-57,653,-449
OROVILLE MUNICIPAL AIRPORT CA US,57.9,39.49,-121.61833,0224,1123,320,-803,1045,-78,653,-470
OROVILLE MUNICIPAL AIRPORT CA US,57.9,39.49,-121.61833,0225,1144,320,-824,1045,-99,653,-491
OROVILLE MUNICIPAL AIRPORT CA US,57.9,39.49,-121.61833,0226,1164,320,-844,1352,188,653,-511
OROVILLE MUNICIPAL AIRPORT CA US,57.9,39.49,-121.61833,0227,1184,320,-864,1355,171,661,-523
OROVILLE MUNICIPAL AIRPORT CA US,57.9,39.49,-121.61833,0228,1204,320,-884,1670,466,661,-543
OROVILLE MUNICIPAL AIRPORT CA US,57.9,39.49,-121.61833,0301,1229,320,-909,1678,449,661,-568
OROVILLE MUNICIPAL AIRPORT CA US,57.9,39.49,-121.61833,0302,1253,320,-933,1693,440,661,-592
OROVILLE MUNICIPAL AIRPORT CA US,57.9,39.49,-121.61833,0303,1274,343,-931,1947,673,661,-613
OROVILLE MUNICIPAL AIRPORT CA US,57.9,39.49,-121.61833,0304,1293,343,-950,1977,684,661,-632
OROVILLE MUNICIPAL AIRPORT CA US,57.9,39.49,-121.61833,0305,1312,412,-900,2145,833,661,-651
OROVILLE MUNICIPAL AIRPORT CA US,57.9,39.49,-121.61833,0306,1329,463,-866,2145,816,661,-668
OROVILLE MUNICIPAL AIRPORT CA US,57.9,39.49,-121.61833,0307,1346,463,-883,2145,799,661,-685
OROVILLE MUNICIPAL AIRPORT CA US,57.9,39.49,-121.61833,0308,1362,463,-899,2145,783,661,-701
OROVILLE MUNICIPAL AIRPORT CA US,57.9,39.49,-121.61833,0309,1379,463,-916,2148,769,661,-718
OROVILLE MUNICIPAL AIRPORT CA US,57.9,39.49,-121.61833,0310,1395,463,-932,2372,977,661,-734
OROVILLE MUNICIPAL AIRPORT CA US,57.9,39.49,-121.61833,0311,1411,463,-948,2372,961,684,-727
OROVILLE MUNICIPAL AIRPORT CA US,57.9,39.49,-121.61833,0312,1426,463,-963,2372,946,684,-742
OROVILLE MUNICIPAL AIRPORT CA US,57.9,39.49,-121.61833,0313,1440,463,-977,2372,932,684,-756
OROVILLE MUNICIPAL AIRPORT CA US,57.9,39.49,-121.61833,0314,1454,463,-991,2372,918,684,-770
OROVILLE MUNICIPAL AIRPORT CA US,57.9,39.49,-121.61833,0315,1467,463,-1004,2372,905,684,-783
OROVILLE MUNICIPAL AIRPORT CA US,57.9,39.49,-121.61833,0316,1478,463,-1015,2372,894,684,-794
OROVILLE MUNICIPAL AIRPORT CA US,57.9,39.49,-121.61833,0317,1489,463,-1026,2372,883,684,-805
OROVILLE MUNICIPAL AIRPORT CA US,57.9,39.49,-121.61833,0318,1498,463,-1035,2372,874,684,-814
OROVILLE MUNICIPAL AIRPORT CA US,57.9,39.49,-121.61833,0319,1508,514,-994,2372,864,684,-824
OROVILLE MUNICIPAL AIRPORT CA US,57.9,39.49,-121.61833,0320,1517,618,-899,2372,855,684,-833
OROVILLE MUNICIPAL AIRPORT CA US,57.9,39.49,-121.61833,0321,1527,618,-909,2372,845,684,-843
OROVILLE MUNICIPAL AIRPORT CA US,57.9,39.49,-121.61833,0322,1537,618,-919,2372,835,753,-784
OROVILLE MUNICIPAL AIRPORT CA US,57.9,39.49,-121.61833,0323,1547,618,-929,2372,825,753,-794
OROVILLE MUNICIPAL AIRPORT CA US,57.9,39.49,-121.61833,0324,1557,618,-939,2372,815,753,-804
OROVILLE MUNICIPAL AIRPORT CA US,57.9,39.49,-121.61833,0325,1566,618,-948,2387,821,753,-813
OROVILLE MUNICIPAL AIRPORT CA US,57.9,39.49,-121.61833,0326,1576,618,-958,2499,923,753,-823
OROVILLE MUNICIPAL AIRPORT CA US,57.9,39.49,-121.61833,0327,1585,618,-967,2499,914,753,-832
OROVILLE MUNICIPAL AIRPORT CA US,57.9,39.49,-121.61833,0328,1595,631,-964,2514,919,753,-842
OROVILLE MUNICIPAL AIRPORT CA US,57.9,39.49,-121.61833,0329,1605,631,-974,2806,1201,753,-852
OROVILLE MUNICIPAL AIRPORT CA US,57.9,39.49,-121.61833,0330,1615,631,-984,2890,1275,753,-862
OROVILLE MUNICIPAL AIRPORT CA US,57.9,39.49,-121.61833,0331,1625,839,-786,2979,1354,753,-872
OROVILLE MUNICIPAL AIRPORT CA US,57.9,39.49,-121.61833,0401,1631,839,-792,3002,1371,753,-878
OROVILLE MUNICIPAL AIRPORT CA US,57.9,39.49,-121.61833,0402,1638,839,-799,3002,1364,753,-885
OROVILLE MUNICIPAL AIRPORT CA US,57.9,39.49,-121.61833,0403,1644,839,-805,3002,1358,753,-891
OROVILLE MUNICIPAL AIRPORT CA US,57.9,39.49,-121.61833,0404,1650,961,-689,3027,1377,753,-897
OROVILLE MUNICIPAL AIRPORT CA US,57.9,39.49,-121.61833,0405,1656,961,-695,3027,1371,778,-878
OROVILLE MUNICIPAL AIRPORT CA US,57.9,39.49,-121.61833,0406,1662,961,-701,3027,1365,778,-884
OROVILLE MUNICIPAL AIRPORT CA US,57.9,39.49,-121.61833,0407,1668,974,-694,3027,1359,971,-697
OROVILLE MUNICIPAL AIRPORT CA US,57.9,39.49,-121.61833,0408,1674,1032,-642,3027,1353,971,-703
OROVILLE MUNICIPAL AIRPORT CA US,57.9,39.49,-121.61833,0409,1680,1032,-648,3027,1347,971,-709
OROVILLE MUNICIPAL AIRPORT CA US,57.9,39.49,-121.61833,0410,1687,1032,-655,3027,1340,971,-716
OROVILLE MUNICIPAL AIRPORT CA US,57.9,39.49,-121.61833,0411,1693,1032,-661,3027,1334,971,-722
OROVILLE MUNICIPAL AIRPORT CA US,57.9,39.49,-121.61833,0412,1699,1032,-667,3027,1328,971,-728
OROVILLE MUNICIPAL AIRPORT CA US,57.9,39.49,-121.61833,0413,1706,1032,-674,3027,1321,971,-735
OROVILLE MUNICIPAL AIRPORT CA US,57.9,39.49,-121.61833,0414,1713,1032,-681,3027,1314,971,-742
OROVILLE MUNICIPAL AIRPORT CA US,57.9,39.49,-121.61833,0415,1720,1032,-688,3027,1307,971,-749
OROVILLE MUNICIPAL AIRPORT CA US,57.9,39.49,-121.61833,0416,1728,1032,-696,3027,1299,971,-757
OROVILLE MUNICIPAL AIRPORT CA US,57.9,39.49,-121.61833,0417,1735,1032,-703,3027,1292,971,-764
OROVILLE MUNICIPAL AIRPORT CA US,57.9,39.49,-121.61833,0418,1742,1032,-710,3027,1285,971,-771
OROVILLE MUNICIPAL AIRPORT CA US,57.9,39.49,-121.61833,0419,1749,1032,-717,3027,1278,971,-778
OROVILLE MUNICIPAL AIRPORT CA US,57.9,39.49,-121.61833,0420,1756,1032,-724,3027,1271,971,-785
OROVILLE MUNICIPAL AIRPORT CA US,57.9,39.49,-121.61833,0421,1763,1032,-731,3027,1264,971,-792
OROVILLE MUNICIPAL AIRPORT CA US,57.9,39.49,-121.61833,0422,1770,1032,-738,3027,1257,971,-799
OROVILLE MUNICIPAL AIRPORT CA US,57.9,39.49,-121.61833,0423,1776,1032,-744,3027,1251,1009,-767
OROVILLE MUNICIPAL AIRPORT CA US,57.9,39.49,-121.61833,0424,1783,1032,-751,3027,1244,1083,-700
OROVILLE MUNICIPAL AIRPORT CA US,57.9,39.49,-121.61833,0425,1790,1032,-758,3063,1273,1139,-651
OROVILLE MUNICIPAL AIRPORT CA US,57.9,39.49,-121.61833,0426,1797,1032,-765,3063,1266,1139,-658
OROVILLE MUNICIPAL AIRPORT CA US,57.9,39.49,-121.61833,0427,1803,1032,-771,3066,1263,1139,-664
OROVILLE MUNICIPAL AIRPORT CA US,57.9,39.49,-121.61833,0428,1808,1032,-776,3066,1258,1139,-669
OROVILLE MUNICIPAL AIRPORT CA US,57.9,39.49,-121.61833,0429,1813,1032,-781,3066,1253,1139,-674
OROVILLE MUNICIPAL AIRPORT CA US,57.9,39.49,-121.61833,0430,1818,1032,-786,3066,1248,1139,-679
OROVILLE MUNICIPAL AIRPORT CA US,57.9,39.49,-121.61833,0501,1823,1032,-791,3066,1243,1139,-684
OROVILLE MUNICIPAL AIRPORT CA US,57.9,39.49,-121.61833,0502,1828,1032,-796,3066,1238,1139,-689
OROVILLE MUNICIPAL AIRPORT CA US,57.9,39.49,-121.61833,0503,1833,1032,-801,3066,1233,1139,-694
OROVILLE MUNICIPAL AIRPORT CA US,57.9,39.49,-121.61833,0504,1839,1032,-807,3066,1227,1139,-700
OROVILLE MUNICIPAL AIRPORT CA US,57.9,39.49,-121.61833,0505,1844,1032,-812,3170,1326,1139,-705
OROVILLE MUNICIPAL AIRPORT CA US,57.9,39.49,-121.61833,0506,1849,1096,-753,3170,1321,1139,-710
OROVILLE MUNICIPAL AIRPORT CA US,57.9,39.49,-121.61833,0507,1855,1096,-759,3170,1315,1139,-716
OROVILLE MUNICIPAL AIRPORT CA US,57.9,39.49,-121.61833,0508,1860,1096,-764,3170,1310,1139,-721
OROVILLE MUNICIPAL AIRPORT CA US,57.9,39.49,-121.61833,0509,1864,1096,-768,3170,1306,1139,-725
OROVILLE MUNICIPAL AIRPORT CA US,57.9,39.49,-121.61833,0510,1868,1096,-772,3170,1302,1139,-729
OROVILLE MUNICIPAL AIRPORT CA US,57.9,39.49,-121.61833,0511,1873,1096,-777,3170,1297,1139,-734
OROVILLE MUNICIPAL AIRPORT CA US,57.9,39.49,-121.61833,0512,1877,1096,-781,3170,1293,1139,-738
OROVILLE MUNICIPAL AIRPORT CA US,57.9,39.49,-121.61833,0513,1880,1096,-784,3170,1290,1139,-741
OROVILLE MUNICIPAL AIRPORT CA US,57.9,39.49,-121.61833,0514,1883,1096,-787,3170,1287,1139,-744
OROVILLE MUNICIPAL AIRPORT CA US,57.9,39.49,-121.61833,0515,1886,1096,-790,3170,1284,1139,-747
OROVILLE MUNICIPAL AIRPORT CA US,57.9,39.49,-121.61833,0516,1889,1096,-793,3170,1281,1139,-750
OROVILLE MUNICIPAL AIRPORT CA US,57.9,39.49,-121.61833,0517,1892,1096,-796,3170,1278,1139,-753
OROVILLE MUNICIPAL AIRPORT CA US,57.9,39.49,-121.61833,0518,1895,1096,-799,3170,1275,1139,-756
OROVILLE MUNICIPAL AIRPORT CA US,57.9,39.49,-121.61833,0519,1898,1096,-802,3178,1280,1139,-759
OROVILLE MUNICIPAL AIRPORT CA US,57.9,39.49,-121.61833,0520,1900,1096,-804,3178,1278,1139,-761
OROVILLE MUNICIPAL AIRPORT CA US,57.9,39.49,-121.61833,0521,1903,1096,-807,3178,1275,1139,-764
OROVILLE MUNICIPAL AIRPORT CA US,57.9,39.49,-121.61833,0522,1906,1096,-810,3178,1272,1139,-767
OROVILLE MUNICIPAL AIRPORT CA US,57.9,39.49,-121.61833,0523,1908,1096,-812,3178,1270,1139,-769
OROVILLE MUNICIPAL AIRPORT CA US,57.9,39.49,-121.61833,0524,1910,1096,-814,3178,1268,1139,-771
OROVILLE MUNICIPAL AIRPORT CA US,57.9,39.49,-121.61833,0525,1912,1096,-816,3178,1266,1139,-773
OROVILLE MUNICIPAL AIRPORT CA US,57.9,39.49,-121.61833,0526,1914,1096,-818,3178,1264,1139,-775
OROVILLE MUNICIPAL AIRPORT CA US,57.9,39.49,-121.61833,0527,1916,1111,-805,3178,1262,1139,-777
OROVILLE MUNICIPAL AIRPORT CA US,57.9,39.49,-121.61833,0528,1918,1111,-807,3178,1260,1139,-779
OROVILLE MUNICIPAL AIRPORT CA US,57.9,39.49,-121.61833,0529,1920,1111,-809,3178,1258,1139,-781
OROVILLE MUNICIPAL AIRPORT CA US,57.9,39.49,-121.61833,0530,1922,1111,-811,3178,1256,1139,-783
OROVILLE MUNICIPAL AIRPORT CA US,57.9,39.49,-121.61833,0531,1924,1111,-813,3178,1254,1139,-785
OROVILLE MUNICIPAL AIRPORT CA US,57.9,39.49,-121.61833,0601,1927,1111,-816,3178,1251,1139,-788
OROVILLE MUNICIPAL AIRPORT CA US,57.9,39.49,-121.61833,0602,1929,1111,-818,3178,1249,1139,-790
OROVILLE MUNICIPAL AIRPORT CA US,57.9,39.49,-121.61833,0603,1931,1111,-820,3178,1247,1139,-792
OROVILLE MUNICIPAL AIRPORT CA US,57.9,39.49,-121.61833,0604,1933,1111,-822,3178,1245,1139,-794
OROVILLE MUNICIPAL AIRPORT CA US,57.9,39.49,-121.61833,0605,1934,1111,-823,3178,1244,1139,-795
OROVILLE MUNICIPAL AIRPORT CA US,57.9,39.49,-121.61833,0606,1936,1111,-825,3178,1242,1139,-797
OROVILLE MUNICIPAL AIRPORT CA US,57.9,39.49,-121.61833,0607,1937,1111,-826,3178,1241,1139,-798
OROVILLE MUNICIPAL AIRPORT CA US,57.9,39.49,-121.61833,0608,1939,1111,-828,3178,1239,1139,-800
OROVILLE MUNICIPAL AIRPORT CA US,57.9,39.49,-121.61833,0609,1940,1111,-829,3178,1238,1139,-801
OROVILLE MUNICIPAL AIRPORT CA US,57.9,39.49,-121.61833,0610,1942,1139,-803,3178,1236,1139,-803
OROVILLE MUNICIPAL AIRPORT CA US,57.9,39.49,-121.61833,0611,1943,1139,-804,3178,1235,1139,-804
OROVILLE MUNICIPAL AIRPORT CA US,57.9,39.49,-121.61833,0612,1945,1139,-806,3178,1233,1139,-806
OROVILLE MUNICIPAL AIRPORT CA US,57.9,39.49,-121.61833,0613,1946,1139,-807,3178,1232,1139,-807
OROVILLE MUNICIPAL AIRPORT CA US,57.9,39.49,-121.61833,0614,1948,1139,-809,3178,1230,1139,-809
OROVILLE MUNICIPAL AIRPORT CA US,57.9,39.49,-121.61833,0615,1950,1139,-811,3178,1228,1139,-811
OROVILLE MUNICIPAL AIRPORT CA US,57.9,39.49,-121.61833,0616,1951,1139,-812,3178,1227,1139,-812
OROVILLE MUNICIPAL AIRPORT CA US,57.9,39.49,-121.61833,0617,1953,1139,-814,3178,1225,1139,-814
OROVILLE MUNICIPAL AIRPORT CA US,57.9,39.49,-121.61833,0618,1954,1139,-815,3178,1224,1139,-815
OROVILLE MUNICIPAL AIRPORT CA US,57.9,39.49,-121.61833,0619,1955,1139,-816,3178,1223,1139,-816
OROVILLE MUNICIPAL AIRPORT CA US,57.9,39.49,-121.61833,0620,1957,1139,-818,3178,1221,1139,-818
OROVILLE MUNICIPAL AIRPORT CA US,57.9,39.49,-121.61833,0621,1958,1139,-819,3178,1220,1139,-819
OROVILLE MUNICIPAL AIRPORT CA US,57.9,39.49,-121.61833,0622,1959,1139,-820,3178,1219,1139,-820
OROVILLE MUNICIPAL AIRPORT CA US,57.9,39.49,-121.61833,0623,1960,1139,-821,3178,1218,1139,-821
OROVILLE MUNICIPAL AIRPORT CA US,57.9,39.49,-121.61833,0624,1961,1159,-802,3178,1217,1139,-822
OROVILLE MUNICIPAL AIRPORT CA US,57.9,39.49,-121.61833,0625,1962,1256,-706,3178,1216,1139,-823
OROVILLE MUNICIPAL AIRPORT CA US,57.9,39.49,-121.61833,0626,1963,1256,-707,3178,1215,1139,-824
OROVILLE MUNICIPAL AIRPORT CA US,57.9,39.49,-121.61833,0627,1964,1256,-708,3178,1214,1139,-825
OROVILLE MUNICIPAL AIRPORT CA US,57.9,39.49,-121.61833,0628,1965,1256,-709,3178,1213,1139,-826
OROVILLE MUNICIPAL AIRPORT CA US,57.9,39.49,-121.61833,0629,1966,1256,-710,3178,1212,1139,-827
OROVILLE MUNICIPAL AIRPORT CA US,57.9,39.49,-121.61833,0630,1967,1256,-711,3178,1211,1139,-828
OROVILLE MUNICIPAL AIRPORT CA US,57.9,39.49,-121.61833,0701,1967,1256,-711,3178,1211,1139,-828
OROVILLE MUNICIPAL AIRPORT CA US,57.9,39.49,-121.61833,0702,1967,1256,-711,3178,1211,1139,-828
OROVILLE MUNICIPAL AIRPORT CA US,57.9,39.49,-121.61833,0703,1967,1256,-711,3178,1211,1139,-828
OROVILLE MUNICIPAL AIRPORT CA US,57.9,39.49,-121.61833,0704,1967,1256,-711,3178,1211,1139,-828
OROVILLE MUNICIPAL AIRPORT CA US,57.9,39.49,-121.61833,0705,1967,1256,-711,3178,1211,1139,-828
OROVILLE MUNICIPAL AIRPORT CA US,57.9,39.49,-121.61833,0706,1967,1256,-711,3178,1211,1139,-828
OROVILLE MUNICIPAL AIRPORT CA US,57.9,39.49,-121.61833,0707,1967,1256,-711,3178,1211,1139,-828
OROVILLE MUNICIPAL AIRPORT CA US,57.9,39.49,-121.61833,0708,1967,1256,-711,3178,1211,1139,-828
OROVILLE MUNICIPAL AIRPORT CA US,57.9,39.49,-121.61833,0709,1967,1256,-711,3178,1211,1139,-828
OROVILLE MUNICIPAL AIRPORT CA US,57.9,39.49,-121.61833,0710,1967,1256,-711,3178,1211,1139,-828
OROVILLE MUNICIPAL AIRPORT CA US,57.9,39.49,-121.61833,0711,1967,1256,-711,3178,1211,1139,-828
OROVILLE MUNICIPAL AIRPORT CA US,57.9,39.49,-121.61833,0712,1967,1256,-711,3178,1211,1139,-828
OROVILLE MUNICIPAL AIRPORT CA US,57.9,39.49,-121.61833,0713,1967,1256,-711,3178,1211,1139,-828
OROVILLE MUNICIPAL AIRPORT CA US,57.9,39.49,-121.61833,0714,1967,1256,-711,3178,1211,1139,-828
OROVILLE MUNICIPAL AIRPORT CA US,57.9,39.49,-121.61833,0715,1967,1256,-711,3178,1211,1139,-828
OROVILLE MUNICIPAL AIRPORT CA US,57.9,39.49,-121.61833,0716,1967,1256,-711,3178,1211,1139,-828
OROVILLE MUNICIPAL AIRPORT CA US,57.9,39.49,-121.61833,0717,1967,1256,-711,3178,1211,1139,-828
OROVILLE MUNICIPAL AIRPORT CA US,57.9,39.49,-121.61833,0718,1967,1256,-711,3178,1211,1139,-828
OROVILLE MUNICIPAL AIRPORT CA US,57.9,39.49,-121.61833,0719,1968,1256,-712,3178,1210,1139,-829
OROVILLE MUNICIPAL AIRPORT CA US,57.9,39.49,-121.61833,0720,1968,1256,-712,3178,1210,1139,-829
OROVILLE MUNICIPAL AIRPORT CA US,57.9,39.49,-121.61833,0721,1968,1256,-712,3178,1210,1139,-829
OROVILLE MUNICIPAL AIRPORT CA US,57.9,39.49,-121.61833,0722,1968,1256,-712,3178,1210,1139,-829
OROVILLE MUNICIPAL AIRPORT CA US,57.9,39.49,-121.61833,0723,1968,1256,-712,3178,1210,1139,-829
OROVILLE MUNICIPAL AIRPORT CA US,57.9,39.49,-121.61833,0724,1968,1256,-712,3178,1210,1139,-829
OROVILLE MUNICIPAL AIRPORT CA US,57.9,39.49,-121.61833,0725,1968,1256,-712,3178,1210,1139,-829
OROVILLE MUNICIPAL AIRPORT CA US,57.9,39.49,-121.61833,0726,1968,1256,-712,3178,1210,1139,-829
OROVILLE MUNICIPAL AIRPORT CA US,57.9,39.49,-121.61833,0727,1969,1256,-713,3178,1209,1139,-830
OROVILLE MUNICIPAL AIRPORT CA US,57.9,39.49,-121.61833,0728,1969,1256,-713,3178,1209,1139,-830
OROVILLE MUNICIPAL AIRPORT CA US,57.9,39.49,-121.61833,0729,1969,1256,-713,3178,1209,1139,-830
OROVILLE MUNICIPAL AIRPORT CA US,57.9,39.49,-121.61833,0730,1969,1256,-713,3178,1209,1139,-830
OROVILLE MUNICIPAL AIRPORT CA US,57.9,39.49,-121.61833,0731,1969,1256,-713,3178,1209,1139,-830
OROVILLE MUNICIPAL AIRPORT CA US,57.9,39.49,-121.61833,0801,1970,1256,-714,3178,1208,1139,-831
OROVILLE MUNICIPAL AIRPORT CA US,57.9,39.49,-121.61833,0802,1970,1256,-714,3178,1208,1139,-831
OROVILLE MUNICIPAL AIRPORT CA US,57.9,39.49,-121.61833,0803,1971,1256,-715,3178,1207,1139,-832
OROVILLE MUNICIPAL AIRPORT CA US,57.9,39.49,-121.61833,0804,1972,1256,-716,3178,1206,1139,-833
OROVILLE MUNICIPAL AIRPORT CA US,57.9,39.49,-121.61833,0805,1972,1256,-716,3231,1259,1139,-833
OROVILLE MUNICIPAL AIRPORT CA US,57.9,39.49,-121.61833,0806,1973,1256,-717,3231,1258,1139,-834
OROVILLE MUNICIPAL AIRPORT CA US,57.9,39.49,-121.61833,0807,1974,1256,-718,3231,1257,1139,-835
OROVILLE MUNICIPAL AIRPORT CA US,57.9,39.49,-121.61833,0808,1974,1256,-718,3231,1257,1139,-835
OROVILLE MUNICIPAL AIRPORT CA US,57.9,39.49,-121.61833,0809,1975,1256,-719,3231,1256,1139,-836
OROVILLE MUNICIPAL AIRPORT CA US,57.9,39.49,-121.61833,0810,1976,1256,-720,3231,1255,1139,-837
OROVILLE MUNICIPAL AIRPORT CA US,57.9,39.49,-121.61833,0811,1977,1256,-721,3231,1254,1139,-838
OROVILLE MUNICIPAL AIRPORT CA US,57.9,39.49,-121.61833,0812,1977,1256,-721,3231,1254,1139,-838
OROVILLE MUNICIPAL AIRPORT CA US,57.9,39.49,-121.61833,0813,1978,1256,-722,3231,1253,1139,-839
OROVILLE MUNICIPAL AIRPORT CA US,57.9,39.49,-121.61833,0814,1979,1256,-723,3231,1252,1139,-840
OROVILLE MUNICIPAL AIRPORT CA US,57.9,39.49,-121.61833,0815,1980,1256,-724,3231,1251,1139,-841
OROVILLE MUNICIPAL AIRPORT CA US,57.9,39.49,-121.61833,0816,1980,1256,-724,3231,1251,1139,-841
OROVILLE MUNICIPAL AIRPORT CA US,57.9,39.49,-121.61833,0817,1980,1256,-724,3231,1251,1139,-841
OROVILLE MUNICIPAL AIRPORT CA US,57.9,39.49,-121.61833,0818,1981,1256,-725,3231,1250,1139,-842
OROVILLE MUNICIPAL AIRPORT CA US,57.9,39.49,-121.61833,0819,1981,1256,-725,3231,1250,1139,-842
OROVILLE MUNICIPAL AIRPORT CA US,57.9,39.49,-121.61833,0820,1981,1256,-725,3231,1250,1139,-842
OROVILLE MUNICIPAL AIRPORT CA US,57.9,39.49,-121.61833,0821,1981,1256,-725,3231,1250,1139,-842
OROVILLE MUNICIPAL AIRPORT CA US,57.9,39.49,-121.61833,0822,1981,1256,-725,3231,1250,1139,-842
OROVILLE MUNICIPAL AIRPORT CA US,57.9,39.49,-121.61833,0823,1981,1256,-725,3231,1250,1139,-842
OROVILLE MUNICIPAL AIRPORT CA US,57.9,39.49,-121.61833,0824,1981,1256,-725,3231,1250,1139,-842
OROVILLE MUNICIPAL AIRPORT CA US,57.9,39.49,-121.61833,0825,1981,1256,-725,3231,1250,1139,-842
OROVILLE MUNICIPAL AIRPORT CA US,57.9,39.49,-121.61833,0826,1982,1256,-726,3231,1249,1139,-843
OROVILLE MUNICIPAL AIRPORT CA US,57.9,39.49,-121.61833,0827,1982,1256,-726,3231,1249,1139,-843
OROVILLE MUNICIPAL AIRPORT CA US,57.9,39.49,-121.61833,0828,1982,1256,-726,3231,1249,1139,-843
OROVILLE MUNICIPAL AIRPORT CA US,57.9,39.49,-121.61833,0829,1982,1256,-726,3231,1249,1139,-843
OROVILLE MUNICIPAL AIRPORT CA US,57.9,39.49,-121.61833,0830,1982,1256,-726,3231,1249,1139,-843
OROVILLE MUNICIPAL AIRPORT CA US,57.9,39.49,-121.61833,0831,1983,1256,-727,3231,1248,1139,-844
OROVILLE MUNICIPAL AIRPORT CA US,57.9,39.49,-121.61833,0901,1985,1256,-729,3231,1246,1139,-846
OROVILLE MUNICIPAL AIRPORT CA US,57.9,39.49,-121.61833,0902,1986,1256,-730,3231,1245,1139,-847
OROVILLE MUNICIPAL AIRPORT CA US,57.9,39.49,-121.61833,0903,1988,1256,-732,3231,1243,1139,-849
OROVILLE MUNICIPAL AIRPORT CA US,57.9,39.49,-121.61833,0904,1989,1256,-733,3231,1242,1139,-850
OROVILLE MUNICIPAL AIRPORT CA US,57.9,39.49,-121.61833,0905,1991,1256,-735,3231,1240,1139,-852
OROVILLE MUNICIPAL AIRPORT CA US,57.9,39.49,-121.61833,0906,1992,1256,-736,3231,1239,1139,-853
OROVILLE MUNICIPAL AIRPORT CA US,57.9,39.49,-121.61833,0907,1993,1256,-737,3231,1238,1139,-854
OROVILLE MUNICIPAL AIRPORT CA US,57.9,39.49,-121.61833,0908,1994,1256,-738,3231,1237,1139,-855
OROVILLE MUNICIPAL AIRPORT CA US,57.9,39.49,-121.61833,0909,1996,1256,-740,3231,1235,1139,-857
OROVILLE MUNICIPAL AIRPORT CA US,57.9,39.49,-121.61833,0910,1998,1256,-742,3231,1233,1139,-859
OROVILLE MUNICIPAL AIRPORT CA US,57.9,39.49,-121.61833,0911,2000,1256,-744,3231,1231,1139,-861
OROVILLE MUNICIPAL AIRPORT CA US,57.9,39.49,-121.61833,0912,2002,1256,-746,3231,1229,1139,-863
OROVILLE MUNICIPAL AIRPORT CA US,57.9,39.49,-121.61833,0913,2005,1256,-749,3231,1226,1139,-866
OROVILLE MUNICIPAL AIRPORT CA US,57.9,39.49,-121.61833,0914,2007,1256,-751,3231,1224,1139,-868
OROVILLE MUNICIPAL AIRPORT CA US,57.9,39.49,-121.61833,0915,2010,1256,-754,3231,1221,1139,-871
OROVILLE MUNICIPAL AIRPORT CA US,57.9,39.49,-121.61833,0916,2012,1256,-756,3231,1219,1139,-873
OROVILLE MUNICIPAL AIRPORT CA US,57.9,39.49,-121.61833,0917,2014,1256,-758,3231,1217,1139,-875
OROVILLE MUNICIPAL AIRPORT CA US,57.9,39.49,-121.61833,0918,2017,1256,-761,3231,1214,1139,-878
OROVILLE MUNICIPAL AIRPORT CA US,57.9,39.49,-121.61833,0919,2020,1256,-764,3231,1211,1139,-881
OROVILLE MUNICIPAL AIRPORT CA US,57.9,39.49,-121.61833,0920,2022,1256,-766,3231,1209,1139,-883
OROVILLE MUNICIPAL AIRPORT CA US,57.9,39.49,-121.61833,0921,2025,1457,-568,3231,1206,1139,-886
OROVILLE MUNICIPAL AIRPORT CA US,57.9,39.49,-121.61833,0922,2028,1457,-571,3231,1203,1139,-889
OROVILLE MUNICIPAL AIRPORT CA US,57.9,39.49,-121.61833,0923,2031,1457,-574,3231,1200,1139,-892
OROVILLE MUNICIPAL AIRPORT CA US,57.9,39.49,-121.61833,0924,2034,1457,-577,3231,1197,1139,-895
OROVILLE MUNICIPAL AIRPORT CA US,57.9,39.49,-121.61833,0925,2037,1457,-580,3409,1372,1139,-898
OROVILLE MUNICIPAL AIRPORT CA US,57.9,39.49,-121.61833,0926,2039,1457,-582,3409,1370,1139,-900
OROVILLE MUNICIPAL AIRPORT CA US,57.9,39.49,-121.61833,0927,2042,1457,-585,3409,1367,1139,-903
OROVILLE MUNICIPAL AIRPORT CA US,57.9,39.49,-121.61833,0928,2045,1457,-588,3409,1364,1139,-906
OROVILLE MUNICIPAL AIRPORT CA US,57.9,39.49,-121.61833,0929,2046,1457,-589,3409,1363,1139,-907
OROVILLE MUNICIPAL AIRPORT CA US,57.9,39.49,-121.61833,0930,2048,1457,-591,3409,1361,1139,-909
OROVILLE MUNICIPAL AIRPORT CA US,57.9,39.49,-121.61833,1001,2049,1457,-592,3409,1360,1139,-910
OROVILLE MUNICIPAL AIRPORT CA US,57.9,39.49,-121.61833,1002,2049,1457,-592,3409,1360,1139,-910
OROVILLE MUNICIPAL AIRPORT CA US,57.9,39.49,-121.61833,1003,2051,1457,-594,3409,1358,1139,-912
OROVILLE MUNICIPAL AIRPORT CA US,57.9,39.49,-121.61833,1004,2052,1457,-595,3409,1357,1139,-913
OROVILLE MUNICIPAL AIRPORT CA US,57.9,39.49,-121.61833,1005,2054,1457,-597,3409,1355,1139,-915
OROVILLE MUNICIPAL AIRPORT CA US,57.9,39.49,-121.61833,1006,2056,1457,-599,3409,1353,1139,-917
OROVILLE MUNICIPAL AIRPORT CA US,57.9,39.49,-121.61833,1007,2059,1457,-602,3409,1350,1139,-920
OROVILLE MUNICIPAL AIRPORT CA US,57.9,39.49,-121.61833,1008,2061,1457,-604,3409,1348,1139,-922
OROVILLE MUNICIPAL AIRPORT CA US,57.9,39.49,-121.61833,1009,2064,1457,-607,3409,1345,1139,-925
OROVILLE MUNICIPAL AIRPORT CA US,57.9,39.49,-121.61833,1010,2066,1457,-609,3409,1343,1139,-927
OROVILLE MUNICIPAL AIRPORT CA US,57.9,39.49,-121.61833,1011,2069,1457,-612,3409,1340,1139,-930
OROVILLE MUNICIPAL AIRPORT CA US,57.9,39.49,-121.61833,1012,2072,1457,-615,3409,1337,1139,-933
OROVILLE MUNICIPAL AIRPORT CA US,57.9,39.49,-121.61833,1013,2076,1457,-619,3409,1333,1139,-937
OROVILLE MUNICIPAL AIRPORT CA US,57.9,39.49,-121.61833,1014,2080,1457,-623,3409,1329,1139,-941
OROVILLE MUNICIPAL AIRPORT CA US,57.9,39.49,-121.61833,1015,2085,1457,-628,3460,1375,1139,-946
OROVILLE MUNICIPAL AIRPORT CA US,57.9,39.49,-121.61833,1016,2091,1457,-634,3460,1369,1139,-952
OROVILLE MUNICIPAL AIRPORT CA US,57.9,39.49,-121.61833,1017,2097,1457,-640,3460,1363,1139,-958
OROVILLE MUNICIPAL AIRPORT CA US,57.9,39.49,-121.61833,1018,2104,1457,-647,3460,1356,1139,-965
OROVILLE MUNICIPAL AIRPORT CA US,57.9,39.49,-121.61833,1019,2110,1457,-653,3460,1350,1139,-971
OROVILLE MUNICIPAL AIRPORT CA US,57.9,39.49,-121.61833,1020,2117,1457,-660,3480,1363,1139,-978
OROVILLE MUNICIPAL AIRPORT CA US,57.9,39.49,-121.61833,1021,2125,1457,-668,3480,1355,1139,-986
OROVILLE MUNICIPAL AIRPORT CA US,57.9,39.49,-121.61833,1022,2132,1457,-675,3480,1348,1139,-993
OROVILLE MUNICIPAL AIRPORT CA US,57.9,39.49,-121.61833,1023,2140,1457,-683,3480,1340,1139,-1001
OROVILLE MUNICIPAL AIRPORT CA US,57.9,39.49,-121.61833,1024,2150,1457,-693,3480,1330,1139,-1011
OROVILLE MUNICIPAL AIRPORT CA US,57.9,39.49,-121.61833,1025,2162,1457,-705,3521,1359,1139,-1023
OROVILLE MUNICIPAL AIRPORT CA US,57.9,39.49,-121.61833,1026,2175,1457,-718,3521,1346,1139,-1036
OROVILLE MUNICIPAL AIRPORT CA US,57.9,39.49,-121.61833,1027,2188,1480,-708,3521,1333,1139,-1049
OROVILLE MUNICIPAL AIRPORT CA US,57.9,39.49,-121.61833,1028,2202,1480,-722,3521,1319,1139,-1063
OROVILLE MUNICIPAL AIRPORT CA US,57.9,39.49,-121.61833,1029,2218,1480,-738,3521,1303,1139,-1079
OROVILLE MUNICIPAL AIRPORT CA US,57.9,39.49,-121.61833,1030,2234,1480,-754,3521,1287,1139,-1095
OROVILLE MUNICIPAL AIRPORT CA US,57.9,39.49,-121.61833,1031,2250,1480,-770,3717,1467,1139,-1111
OROVILLE MUNICIPAL AIRPORT CA US,57.9,39.49,-121.61833,1101,2264,1480,-784,3720,1456,1139,-1125
OROVILLE MUNICIPAL AIRPORT CA US,57.9,39.49,-121.61833,1102,2278,1480,-798,3720,1442,1139,-1139
OROVILLE MUNICIPAL AIRPORT CA US,57.9,39.49,-121.61833,1103,2291,1480,-811,3720,1429,1139,-1152
OROVILLE MUNICIPAL AIRPORT CA US,57.9,39.49,-121.61833,1104,2304,1480,-824,3720,1416,1139,-1165
OROVILLE MUNICIPAL AIRPORT CA US,57.9,39.49,-121.61833,1105,2317,1480,-837,3720,1403,1139,-1178
OROVILLE MUNICIPAL AIRPORT CA US,57.9,39.49,-121.61833,1106,2330,1480,-850,3720,1390,1139,-1191
OROVILLE MUNICIPAL AIRPORT CA US,57.9,39.49,-121.61833,1107,2344,1480,-864,3720,1376,1139,-1205
OROVILLE MUNICIPAL AIRPORT CA US,57.9,39.49,-121.61833,1108,2357,1480,-877,3720,1363,1139,-1218
OROVILLE MUNICIPAL AIRPORT CA US,57.9,39.49,-121.61833,1109,2370,1480,-890,3720,1350,1139,-1231
OROVILLE MUNICIPAL AIRPORT CA US,57.9,39.49,-121.61833,1110,2384,1480,-904,3720,1336,1139,-1245
OROVILLE MUNICIPAL AIRPORT CA US,57.9,39.49,-121.61833,1111,2399,1480,-919,3720,1321,1139,-1260
OROVILLE MUNICIPAL AIRPORT CA US,57.9,39.49,-121.61833,1112,2413,1480,-933,3720,1307,1139,-1274
OROVILLE MUNICIPAL AIRPORT CA US,57.9,39.49,-121.61833,1113,2427,1480,-947,3834,1407,1139,-1288
OROVILLE MUNICIPAL AIRPORT CA US,57.9,39.49,-121.61833,1114,2441,1480,-961,3834,1393,1139,-1302
OROVILLE MUNICIPAL AIRPORT CA US,57.9,39.49,-121.61833,1115,2455,1480,-975,3834,1379,1139,-1316
OROVILLE MUNICIPAL AIRPORT CA US,57.9,39.49,-121.61833,1116,2469,1480,-989,3834,1365,1139,-1330
OROVILLE MUNICIPAL AIRPORT CA US,57.9,39.49,-121.61833,1117,2485,1480,-1005,3834,1349,1139,-1346
OROVILLE MUNICIPAL AIRPORT CA US,57.9,39.49,-121.61833,1118,2501,1480,-1021,3834,1333,1139,-1362
OROVILLE MUNICIPAL AIRPORT CA US,57.9,39.49,-121.61833,1119,2517,1795,-722,3956,1439,1139,-1378
OROVILLE MUNICIPAL AIRPORT CA US,57.9,39.49,-121.61833,1120,2533,1859,-674,4009,1476,1139,-1394
OROVILLE MUNICIPAL AIRPORT CA US,57.9,39.49,-121.61833,1121,2549,1859,-690,4009,1460,1139,-1410
OROVILLE MUNICIPAL AIRPORT CA US,57.9,39.49,-121.61833,1122,2563,1859,-704,4156,1593,1139,-1424
OROVILLE MUNICIPAL AIRPORT CA US,57.9,39.49,-121.61833,1123,2576,1859,-717,4156,1580,1139,-1437
OROVILLE MUNICIPAL AIRPORT CA US,57.9,39.49,-121.61833,1124,2590,1859,-731,4156,1566,1139,-1451
OROVILLE MUNICIPAL AIRPORT CA US,57.9,39.49,-121.61833,1125,2603,1859,-744,4156,1553,1139,-1464
OROVILLE MUNICIPAL AIRPORT CA US,57.9,39.49,-121.61833,1126,2616,1859,-757,4156,1540,1139,-1477
OROVILLE MUNICIPAL AIRPORT CA US,57.9,39.49,-121.61833,1127,2629,1859,-770,4156,1527,1139,-1490
OROVILLE MUNICIPAL AIRPORT CA US,57.9,39.49,-121.61833,1128,2643,1859,-784,4240,1597,1139,-1504
OROVILLE MUNICIPAL AIRPORT CA US,57.9,39.49,-121.61833,1129,2659,1859,-800,4278,1619,1139,-1520
OROVILLE MUNICIPAL AIRPORT CA US,57.9,39.49,-121.61833,1130,2676,1859,-817,4367,1691,1139,-1537
OROVILLE MUNICIPAL AIRPORT CA US,57.9,39.49,-121.61833,1201,2686,1859,-827,4385,1699,1139,-1547
OROVILLE MUNICIPAL AIRPORT CA US,57.9,39.49,-121.61833,1202,2695,1859,-836,4436,1741,1139,-1556
OROVILLE MUNICIPAL AIRPORT CA US,57.9,39.49,-121.61833,1203,2705,1859,-846,4766,2061,1139,-1566
OROVILLE MUNICIPAL AIRPORT CA US,57.9,39.49,-121.61833,1204,2716,1859,-857,4804,2088,1139,-1577
OROVILLE MUNICIPAL AIRPORT CA US,57.9,39.49,-121.61833,1205,2728,1859,-869,4870,2142,1139,-1589
OROVILLE MUNICIPAL AIRPORT CA US,57.9,39.49,-121.61833,1206,2740,1943,-797,4972,2232,1139,-1601
OROVILLE MUNICIPAL AIRPORT CA US,57.9,39.49,-121.61833,1207,2752,1943,-809,4972,2220,1139,-1613
OROVILLE MUNICIPAL AIRPORT CA US,57.9,39.49,-121.61833,1208,2765,1943,-822,4972,2207,1139,-1626
OROVILLE MUNICIPAL AIRPORT CA US,57.9,39.49,-121.61833,1209,2777,1943,-834,4972,2195,1139,-1638
OROVILLE MUNICIPAL AIRPORT CA US,57.9,39.49,-121.61833,1210,2790,1943,-847,5058,2268,1139,-1651
OROVILLE MUNICIPAL AIRPORT CA US,57.9,39.49,-121.61833,1211,2802,1943,-859,5995,3193,1139,-1663
OROVILLE MUNICIPAL AIRPORT CA US,57.9,39.49,-121.61833,1212,2814,1943,-871,6092,3278,1139,-1675
OROVILLE MUNICIPAL AIRPORT CA US,57.9,39.49,-121.61833,1213,2827,1943,-884,6092,3265,1139,-1688
OROVILLE MUNICIPAL AIRPORT CA US,57.9,39.49,-121.61833,1214,2841,1943,-898,6092,3251,1139,-1702
OROVILLE MUNICIPAL AIRPORT CA US,57.9,39.49,-121.61833,1215,2856,1943,-913,6283,3427,1139,-1717
OROVILLE MUNICIPAL AIRPORT CA US,57.9,39.49,-121.61833,1216,2872,1943,-929,6395,3523,1139,-1733
OROVILLE MUNICIPAL AIRPORT CA US,57.9,39.49,-121.61833,1217,2888,1943,-945,6423,3535,1139,-1749
OROVILLE MUNICIPAL AIRPORT CA US,57.9,39.49,-121.61833,1218,2906,1943,-963,6426,3520,1139,-1767
OROVILLE MUNICIPAL AIRPORT CA US,57.9,39.49,-121.61833,1219,2924,1943,-981,6624,3700,1139,-1785
OROVILLE MUNICIPAL AIRPORT CA US,57.9,39.49,-121.61833,1220,2943,1943,-1000,6639,3696,1139,-1804
OROVILLE MUNICIPAL AIRPORT CA US,57.9,39.49,-121.61833,1221,2961,1943,-1018,6639,3678,1139,-1822
OROVILLE MUNICIPAL AIRPORT CA US,57.9,39.49,-121.61833,1222,2980,1943,-1037,6639,3659,1139,-1841
OROVILLE MUNICIPAL AIRPORT CA US,57.9,39.49,-121.61833,1223,2998,1943,-1055,6639,3641,1139,-1859
OROVILLE MUNICIPAL AIRPORT CA US,57.9,39.49,-121.61833,1224,3017,1943,-1074,6639,3622,1139,-1878
OROVILLE MUNICIPAL AIRPORT CA US,57.9,39.49,-121.61833,1225,3036,1943,-1093,6639,3603,1139,-1897
OROVILLE MUNICIPAL AIRPORT CA US,57.9,39.49,-121.61833,1226,3056,1943,-1113,6639,3583,1139,-1917
OROVILLE MUNICIPAL AIRPORT CA US,57.9,39.49,-121.61833,1227,3076,1943,-1133,6639,3563,1139,-1937
OROVILLE MUNICIPAL AIRPORT CA US,57.9,39.49,-121.61833,1228,3095,1943,-1152,6639,3544,1139,-1956
OROVILLE MUNICIPAL AIRPORT CA US,57.9,39.49,-121.61833,1229,3114,1943,-1171,6639,3525,1139,-1975
OROVILLE MUNICIPAL AIRPORT CA US,57.9,39.49,-121.61833,1230,3133,1943,-1190,6639,3506,1139,-1994
OROVILLE MUNICIPAL AIRPORT CA US,57.9,39.49,-121.61833,1231,3152,1943,-1209,6639,3487,1139,-2013
TRUCKEE RANGER STATION CA US,1774.9,39.333,-120.173,0101,18,0,-18,0,-18,0,-18
TRUCKEE RANGER STATION CA US,1774.9,39.333,-120.173,0102,36,0,-36,0,-36,0,-36
TRUCKEE RANGER STATION CA US,1774.9,39.333,-120.173,0103,54,0,-54,0,-54,0,-54
TRUCKEE RANGER STATION CA US,1774.9,39.333,-120.173,0104,71,0,-71,0,-71,0,-71
TRUCKEE RANGER STATION CA US,1774.9,39.333,-120.173,0105,88,0,-88,0,-88,0,-88
TRUCKEE RANGER STATION CA US,1774.9,39.333,-120.173,0106,105,0,-105,0,-105,0,-105
TRUCKEE RANGER STATION CA US,1774.9,39.333,-120.173,0107,121,0,-121,0,-121,0,-121
TRUCKEE RANGER STATION CA US,1774.9,39.333,-120.173,0108,138,0,-138,0,-138,0,-138
TRUCKEE RANGER STATION CA US,1774.9,39.333,-120.173,0109,156,0,-156,0,-156,0,-156
TRUCKEE RANGER STATION CA US,1774.9,39.333,-120.173,0110,173,0,-173,0,-173,0,-173
TRUCKEE RANGER STATION CA US,1774.9,39.333,-120.173,0111,191,0,-191,0,-191,0,-191
TRUCKEE RANGER STATION CA US,1774.9,39.333,-120.173,0112,210,0,-210,0,-210,0,-210
TRUCKEE RANGER STATION CA US,1774.9,39.333,-120.173,0113,228,0,-228,0,-228,0,-228
TRUCKEE RANGER STATION CA US,1774.9,39.333,-120.173,0114,246,0,-246,0,-246,0,-246
TRUCKEE RANGER STATION CA US,1774.9,39.333,-120.173,0115,264,0,-264,0,-264,0,-264
TRUCKEE RANGER STATION CA US,1774.9,39.333,-120.173,0116,281,0,-281,0,-281,0,-281
TRUCKEE RANGER STATION CA US,1774.9,39.333,-120.173,0117,297,0,-297,0,-297,0,-297
TRUCKEE RANGER STATION CA US,1774.9,39.333,-120.173,0118,313,0,-313,0,-313,0,-313
TRUCKEE RANGER STATION CA US,1774.9,39.333,-120.173,0119,329,0,-329,0,-329,0,-329
TRUCKEE RANGER STATION CA US,1774.9,39.333,-120.173,0120,344,0,-344,0,-344,0,-344
TRUCKEE RANGER STATION CA US,1774.9,39.333,-120.173,0121,359,0,-359,0,-359,0,-359
TRUCKEE RANGER STATION CA US,1774.9,39.333,-120.173,0122,375,0,-375,0,-375,0,-375
TRUCKEE RANGER STATION CA US,1774.9,39.333,-120.173,0123,389,0,-389,0,-389,0,-389
TRUCKEE RANGER STATION CA US,1774.9,39.333,-120.173,0124,404,0,-404,0,-404,0,-404
TRUCKEE RANGER STATION CA US,1774.9,39.333,-120.173,0125,419,0,-419,0,-419,0,-419
TRUCKEE RANGER STATION CA US,1774.9,39.333,-120.173,0126,435,0,-435,0,-435,0,-435
TRUCKEE RANGER STATION CA US,1774.9,39.333,-120.173,0127,450,0,-450,0,-450,0,-450
TRUCKEE RANGER STATION CA US,1774.9,39.333,-120.173,0128,466,0,-466,0,-466,0,-466
TRUCKEE RANGER STATION CA US,1774.9,39.333,-120.173,0129,482,0,-482,0,-482,0,-482
TRUCKEE RANGER STATION CA US,1774.9,39.333,-120.173,0130,498,0,-498,0,-498,0,-498
TRUCKEE RANGER STATION CA US,1774.9,39.333,-120.173,0131,514,0,-514,0,-514,0,-514
TRUCKEE RANGER STATION CA US,1774.9,39.333,-120.173,0201,530,0,-530,0,-530,0,-530
TRUCKEE RANGER STATION CA US,1774.9,39.333,-120.173,0202,546,0,-546,0,-546,0,-546
TRUCKEE RANGER STATION CA US,1774.9,39.333,-120.173,0203,563,0,-563,0,-563,0,-563
TRUCKEE RANGER STATION CA US,1774.9,39.333,-120.173,0204,580,0,-580,0,-580,0,-580
TRUCKEE RANGER STATION CA US,1774.9,39.333,-120.173,0205,597,0,-597,0,-597,0,-597
TRUCKEE RANGER STATION CA US,1774.9,39.333,-120.173,0206,615,0,-615,0,-615,0,-615
TRUCKEE RANGER STATION CA US,1774.9,39.333,-120.173,0207,633,0,-633,0,-633,0,-633
TRUCKEE RANGER STATION CA US,1774.9,39.333,-120.173,0208,651,0,-651,0,-651,0,-651
TRUCKEE RANGER STATION CA US,1774.9,39.333,-120.173,0209,668,0,-668,0,-668,132,-536
TRUCKEE RANGER STATION CA US,1774.9,39.333,-120.173,0210,685,0,-685,0,-685,132,-553
TRUCKEE RANGER STATION CA US,1774.9,39.333,-120.173,0211,701,0,-701,0,-701,132,-569
TRUCKEE RANGER STATION CA US,1774.9,39.333,-120.173,0212,718,0,-718,0,-718,132,-586
TRUCKEE RANGER STATION CA US,1774.9,39.333,-120.173,0213,735,0,-735,0,-735,132,-603
TRUCKEE RANGER STATION CA US,1774.9,39.333,-120.173,0214,752,0,-752,0,-752,132,-620
TRUCKEE RANGER STATION CA US,1774.9,39.333,-120.173,0215,770,0,-770,0,-770,132,-638
TRUCKEE RANGER STATION CA US,1774.9,39.333,-120.173,0216,788,0,-788,0,-788,132,-656
TRUCKEE RANGER STATION CA US,1774.9,39.333,-120.173,0217,806,0,-806,0,-806,132,-674
TRUCKEE RANGER STATION CA US,1774.9,39.333,-120.173,0218,825,0,-825,0,-825,132,-693
TRUCKEE RANGER STATION CA US,1774.9,39.333,-120.173,0219,843,0,-843,0,-843,132,-711
TRUCKEE RANGER STATION CA US,1774.9,39.333,-120.173,0220,862,0,-862,0,-862,132,-730
TRUCKEE RANGER STATION CA US,1774.9,39.333,-120.173,0221,881,0,-881,0,-881,132,-749
TRUCKEE RANGER STATION CA US,1774.9,39.333,-120.173,0222,900,0,-900,0,-900,132,-768
TRUCKEE RANGER STATION CA US,1774.9,39.333,-120.173,0223,918,0,-918,0,-918,132,-786
TRUCKEE RANGER STATION CA US,1774.9,39.333,-120.173,0224,937,0,-937,0,-937,132,-805
TRUCKEE RANGER STATION CA US,1774.9,39.333,-120.173,0225,956,0,-956,0,-956,132,-824
TRUCKEE RANGER STATION CA US,1774.9,39.333,-120.173,0226,974,0,-974,0,-974,132,-842
TRUCKEE RANGER STATION CA US,1774.9,39.333,-120.173,0227,993,0,-993,0,-993,132,-861
TRUCKEE RANGER STATION CA US,1774.9,39.333,-120.173,0228,1012,0,-1012,0,-1012,132,-880
TRUCKEE RANGER STATION CA US,1774.9,39.333,-120.173,0301,1031,0,-1031,0,-1031,132,-899
TRUCKEE RANGER STATION CA US,1774.9,39.333,-120.173,0302,1050,0,-1050,0,-1050,132,-918
TRUCKEE RANGER STATION CA US,1774.9,39.333,-120.173,0303,1068,0,-1068,0,-1068,132,-936
TRUCKEE RANGER STATION CA US,1774.9,39.333,-120.173,0304,1085,0,-1085,0,-1085,132,-953
TRUCKEE RANGER STATION CA US,1774.9,39.333,-120.173,0305,1101,0,-1101,0,-1101,132,-969
TRUCKEE RANGER STATION CA US,1774.9,39.333,-120.173,0306,1117,0,-1117,0,-1117,132,-985
TRUCKEE RANGER STATION CA US,1774.9,39.333,-120.173,0307,1132,0,-1132,0,-1132,132,-1000
TRUCKEE RANGER STATION CA US,1774.9,39.333,-120.173,0308,1147,0,-1147,0,-1147,132,-1015
TRUCKEE RANGER STATION CA US,1774.9,39.333,-120.173,0309,1162,0,-1162,0,-1162,132,-1030
TRUCKEE RANGER STATION CA US,1774.9,39.333,-120.173,0310,1178,0,-1178,0,-1178,132,-1046
TRUCKEE RANGER STATION CA US,1774.9,39.333,-120.173,0311,1193,0,-1193,0,-1193,132,-1061
TRUCKEE RANGER STATION CA US,1774.9,39.333,-120.173,0312,1208,0,-1208,0,-1208,132,-1076
TRUCKEE RANGER STATION CA US,1774.9,39.333,-120.173,0313,1223,0,-1223,0,-1223,132,-1091
TRUCKEE RANGER STATION CA US,1774.9,39.333,-120.173,0314,1238,0,-1238,0,-1238,152,-1086
TRUCKEE RANGER STATION CA US,1774.9,39.333,-120.173,0315,1253,0,-1253,0,-1253,152,-1101
TRUCKEE RANGER STATION CA US,1774.9,39.333,-120.173,0316,1267,0,-1267,0,-1267,152,-1115
TRUCKEE RANGER STATION CA US,1774.9,39.333,-120.173,0317,1281,0,-1281,0,-1281,152,-1129
TRUCKEE RANGER STATION CA US,1774.9,39.333,-120.173,0318,1295,0,-1295,0,-1295,152,-1143
TRUCKEE RANGER STATION CA US,1774.9,39.333,-120.173,0319,1308,0,-1308,0,-1308,152,-1156
TRUCKEE RANGER STATION CA US,1774.9,39.333,-120.173,0320,1321,0,-1321,0,-1321,152,-1169
TRUCKEE RANGER STATION CA US,1774.9,39.333,-120.173,0321,1334,0,-1334,0,-1334,152,-1182
TRUCKEE RANGER STATION CA US,1774.9,39.333,-120.173,0322,1346,0,-1346,0,-1346,152,-1194
TRUCKEE RANGER STATION CA US,1774.9,39.333,-120.173,0323,1359,0,-1359,0,-1359,198,-1161
TRUCKEE RANGER STATION CA US,1774.9,39.333,-120.173,0324,1371,0,-1371,0,-1371,203,-1168
TRUCKEE RANGER STATION CA US,1774.9,39.333,-120.173,0325,1383,0,-1383,0,-1383,223,-1160
TRUCKEE RANGER STATION CA US,1774.9,39.333,-120.173,0326,1394,0,-1394,0,-1394,223,-1171
TRUCKEE RANGER STATION CA US,1774.9,39.333,-120.173,0327,1405,0,-1405,0,-1405,223,-1182
TRUCKEE RANGER STATION CA US,1774.9,39.333,-120.173,0328,1415,0,-1415,0,-1415,223,-1192
TRUCKEE RANGER STATION CA US,1774.9,39.333,-120.173,0329,1426,0,-1426,0,-1426,223,-1203
TRUCKEE RANGER STATION CA US,1774.9,39.333,-120.173,0330,1436,0,-1436,0,-1436,223,-1213
TRUCKEE RANGER STATION CA US,1774.9,39.333,-120.173,0331,1447,48,-1399,0,-1447,223,-1224
TRUCKEE RANGER STATION CA US,1774.9,39.333,-120.173,0401,1457,56,-1401,0,-1457,223,-1234
TRUCKEE RANGER STATION CA US,1774.9,39.333,-120.173,0402,1467,56,-1411,0,-1467,454,-1013
TRUCKEE RANGER STATION CA US,1774.9,39.333,-120.173,0403,1477,56,-1421,0,-1477,454,-1023
TRUCKEE RANGER STATION CA US,1774.9,39.333,-120.173,0404,1487,69,-1418,0,-1487,454,-1033
TRUCKEE RANGER STATION CA US,1774.9,39.333,-120.173,0405,1497,94,-1403,0,-1497,454,-1043
TRUCKEE RANGER STATION CA US,1774.9,39.333,-120.173,0406,1506,97,-1409,0,-1506,454,-1052
TRUCKEE RANGER STATION CA US,1774.9,39.333,-120.173,0407,1516,100,-1416,0,-1516,454,-1062
TRUCKEE RANGER STATION CA US,1774.9,39.333,-120.173,0408,1524,125,-1399,0,-1524,454,-1070
TRUCKEE RANGER STATION CA US,1774.9,39.333,-120.173,0409,1533,128,-1405,0,-1533,454,-1079
TRUCKEE RANGER STATION CA US,1774.9,39.333,-120.173,0410,1541,128,-1413,0,-1541,454,-1087
TRUCKEE RANGER STATION CA US,1774.9,39.333,-120.173,0411,1548,128,-1420,0,-1548,454,-1094
TRUCKEE RANGER STATION CA US,1774.9,39.333,-120.173,0412,1556,128,-1428,0,-1556,454,-1102
TRUCKEE RANGER STATION CA US,1774.9,39.333,-120.173,0413,1563,128,-1435,0,-1563,454,-1109
TRUCKEE RANGER STATION CA US,1774.9,39.333,-120.173,0414,1570,128,-1442,0,-1570,454,-1116
TRUCKEE RANGER STATION CA US,1774.9,39.333,-120.173,0415,1577,128,-1449,0,-1577,454,-1123
TRUCKEE RANGER STATION CA US,1774.9,39.333,-120.173,0416,1583,138,-1445,0,-1583,454,-1129
TRUCKEE RANGER STATION CA US,1774.9,39.333,-120.173,0417,1589,161,-1428,0,-1589,454,-1135
TRUCKEE RANGER STATION CA US,1774.9,39.333,-120.173,0418,1596,161,-1435,0,-1596,454,-1142
TRUCKEE RANGER STATION CA US,1774.9,39.333,-120.173,0419,1602,161,-1441,0,-1602,454,-1148
TRUCKEE RANGER STATION CA US,1774.9,39.333,-120.173,0420,1608,161,-1447,0,-1608,454,-1154
TRUCKEE RANGER STATION CA US,1774.9,39.333,-120.173,0421,1614,161,-1453,0,-1614,454,-1160
TRUCKEE RANGER STATION CA US,1774.9,39.333,-120.173,0422,1620,161,-1459,0,-1620,454,-1166
TRUCKEE RANGER STATION CA US,1774.9,39.333,-120.173,0423,1626,161,-1465,0,-1626,454,-1172
TRUCKEE RANGER STATION CA US,1774.9,39.333,-120.173,0424,1631,161,-1470,0,-1631,454,-1177
TRUCKEE RANGER STATION CA US,1774.9,39.333,-120.173,0425,1637,161,-1476,0,-1637,454,-1183
TRUCKEE RANGER STATION CA US,1774.9,39.333,-120.173,0426,1643,161,-1482,0,-1643,454,-1189
TRUCKEE RANGER STATION CA US,1774.9,39.333,-120.173,0427,1648,161,-1487,0,-1648,454,-1194
TRUCKEE RANGER STATION CA US,1774.9,39.333,-120.173,0428,1653,161,-1492,0,-1653,454,-1199
TRUCKEE RANGER STATION CA US,1774.9,39.333,-120.173,0429,1658,161,-1497,0,-1658,454,-1204
TRUCKEE RANGER STATION CA US,1774.9,39.333,-120.173,0430,1663,161,-1502,0,-1663,454,-1209
TRUCKEE RANGER STATION CA US,1774.9,39.333,-120.173,0501,1668,161,-1507,0,-1668,454,-1214
TRUCKEE RANGER STATION CA US,1774.9,39.333,-120.173,0502,1673,161,-1512,0,-1673,454,-1219
TRUCKEE RANGER STATION CA US,1774.9,39.333,-120.173,0503,1678,161,-1517,0,-1678,454,-1224
TRUCKEE RANGER STATION CA US,1774.9,39.333,-120.173,0504,1683,161,-1522,0,-1683,454,-1229
TRUCKEE RANGER STATION CA US,1774.9,39.333,-120.173,0505,1688,161,-1527,0,-1688,454,-1234
TRUCKEE RANGER STATION CA US,1774.9,39.333,-120.173,0506,1693,293,-1400,0,-1693,454,-1239
TRUCKEE RANGER STATION CA US,1774.9,39.333,-120.173,0507,1697,293,-1404,0,-1697,454,-1243
TRUCKEE RANGER STATION CA US,1774.9,39.333,-120.173,0508,1702,293,-1409,0,-1702,454,-1248
TRUCKEE RANGER STATION CA US,1774.9,39.333,-120.173,0509,1706,293,-1413,0,-1706,454,-1252
TRUCKEE RANGER STATION CA US,1774.9,39.333,-120.173,0510,1711,293,-1418,0,-1711,454,-1257
TRUCKEE RANGER STATION CA US,1774.9,39.333,-120.173,0511,1715,293,-1422,0,-1715,454,-1261
TRUCKEE RANGER STATION CA US,1774.9,39.333,-120.173,0512,1720,293,-1427,0,-1720,454,-1266
TRUCKEE RANGER STATION CA US,1774.9,39.333,-120.173,0513,1724,293,-1431,0,-1724,454,-1270
TRUCKEE RANGER STATION CA US,1774.9,39.333,-120.173,0514,1728,293,-1435,0,-1728,454,-1274
TRUCKEE RANGER STATION CA US,1774.9,39.333,-120.173,0515,1732,293,-1439,0,-1732,454,-1278
TRUCKEE RANGER STATION CA US,1774.9,39.333,-120.173,0516,1737,293,-1444,0,-1737,454,-1283
TRUCKEE RANGER STATION CA US,1774.9,39.333,-120.173,0517,1741,298,-1443,0,-1741,454,-1287
TRUCKEE RANGER STATION CA US,1774.9,39.333,-120.173,0518,1745,298,-1447,0,-1745,454,-1291
TRUCKEE RANGER STATION CA US,1774.9,39.333,-120.173,0519,1749,298,-1451,0,-1749,454,-1295
TRUCKEE RANGER STATION CA US,1774.9,39.333,-120.173,0520,1753,298,-1455,0,-1753,454,-1299
TRUCKEE RANGER STATION CA US,1774.9,39.333,-120.173,0521,1757,298,-1459,0,-1757,454,-1303
TRUCKEE RANGER STATION CA US,1774.9,39.333,-120.173,0522,1761,298,-1463,0,-1761,454,-1307
TRUCKEE RANGER STATION CA US,1774.9,39.333,-120.173,0523,1765,298,-1467,0,-1765,454,-1311
TRUCKEE RANGER STATION CA US,1774.9,39.333,-120.173,0524,1768,298,-1470,0,-1768,454,-1314
TRUCKEE RANGER STATION CA US,1774.9,39.333,-120.173,0525,1772,298,-1474,0,-1772,454,-1318
TRUCKEE RANGER STATION CA US,1774.9,39.333,-120.173,0526,1776,298,-1478,0,-1776,454,-1322
TRUCKEE RANGER STATION CA US,1774.9,39.333,-120.173,0527,1779,298,-1481,0,-1779,454,-1325
TRUCKEE RANGER STATION CA US,1774.9,39.333,-120.173,0528,1783,374,-1409,0,-1783,454,-1329
TRUCKEE RANGER STATION CA US,1774.9,39.333,-120.173,0529,1786,374,-1412,0,-1786,454,-1332
TRUCKEE RANGER STATION CA US,1774.9,39.333,-120.173,0530,1790,374,-1416,0,-1790,454,-1336
TRUCKEE RANGER STATION CA US,1774.9,39.333,-120.173,0531,1793,374,-1419,0,-1793,454,-1339
TRUCKEE RANGER STATION CA US,1774.9,39.333,-120.173,0601,1797,374,-1423,0,-1797,454,-1343
TRUCKEE RANGER STATION CA US,1774.9,39.333,-120.173,0602,1800,374,-1426,0,-1800,454,-1346
TRUCKEE RANGER STATION CA US,1774.9,39.333,-120.173,0603,1804,374,-1430,0,-1804,454,-1350
TRUCKEE RANGER STATION CA US,1774.9,39.333,-120.173,0604,1807,374,-1433,0,-1807,454,-1353
TRUCKEE RANGER STATION CA US,1774.9,39.333,-120.173,0605,1810,374,-1436,0,-1810,454,-1356
TRUCKEE RANGER STATION CA US,1774.9,39.333,-120.173,0606,1814,374,-1440,0,-1814,454,-1360
TRUCKEE RANGER STATION CA US,1774.9,39.333,-120.173,0607,1817,374,-1443,0,-1817,454,-1363
TRUCKEE RANGER STATION CA US,1774.9,39.333,-120.173,0608,1820,374,-1446,0,-1820,454,-1366
TRUCKEE RANGER STATION CA US,1774.9,39.333,-120.173,0609,1823,374,-1449,0,-1823,454,-1369
TRUCKEE RANGER STATION CA US,1774.9,39.333,-120.173,0610,1825,374,-1451,0,-1825,454,-1371
TRUCKEE RANGER STATION CA US,1774.9,39.333,-120.173,0611,1828,374,-1454,0,-1828,454,-1374
TRUCKEE RANGER STATION CA US,1774.9,39.333,-120.173,0612,1831,374,-1457,0,-1831,454,-1377
TRUCKEE RANGER STATION CA US,1774.9,39.333,-120.173,0613,1833,374,-1459,0,-1833,454,-1379
TRUCKEE RANGER STATION CA US,1774.9,39.333,-120.173,0614,1836,374,-1462,0,-1836,454,-1382
TRUCKEE RANGER STATION CA US,1774.9,39.333,-120.173,0615,1839,374,-1465,0,-1839,454,-1385
TRUCKEE RANGER STATION CA US,1774.9,39.333,-120.173,0616,1841,374,-1467,0,-1841,454,-1387
TRUCKEE RANGER STATION CA US,1774.9,39.333,-120.173,0617,1844,374,-1470,0,-1844,454,-1390
TRUCKEE RANGER STATION CA US,1774.9,39.333,-120.173,0618,1846,374,-1472,0,-1846,454,-1392
TRUCKEE RANGER STATION CA US,1774.9,39.333,-120.173,0619,1848,374,-1474,0,-1848,454,-1394
TRUCKEE RANGER STATION CA US,1774.9,39.333,-120.173,0620,1850,377,-1473,0,-1850,454,-1396
TRUCKEE RANGER STATION CA US,1774.9,39.333,-120.173,0621,1852,377,-1475,0,-1852,454,-1398
TRUCKEE RANGER STATION CA US,1774.9,39.333,-120.173,0622,1854,377,-1477,0,-1854,454,-1400
TRUCKEE RANGER STATION CA US,1774.9,39.333,-120.173,0623,1855,377,-1478,0,-1855,454,-1401
TRUCKEE RANGER STATION CA US,1774.9,39.333,-120.173,0624,1857,387,-1470,0,-1857,454,-1403
TRUCKEE RANGER STATION CA US,1774.9,39.333,-120.173,0625,1858,387,-1471,0,-1858,454,-1404
TRUCKEE RANGER STATION CA US,1774.9,39.333,-120.173,0626,1860,387,-1473,0,-1860,454,-1406
TRUCKEE RANGER STATION CA US,1774.9,39.333,-120.173,0627,1862,387,-1475,0,-1862,454,-1408
TRUCKEE RANGER STATION CA US,1774.9,39.333,-120.173,0628,1863,387,-1476,0,-1863,454,-1409
TRUCKEE RANGER STATION CA US,1774.9,39.333,-120.173,0629,1865,387,-1478,0,-1865,454,-1411
TRUCKEE RANGER STATION CA US,1774.9,39.333,-120.173,0630,1866,387,-1479,0,-1866,454,-1412
TRUCKEE RANGER STATION CA US,1774.9,39.333,-120.173,0701,1867,387,-1480,0,-1867,454,-1413
TRUCKEE RANGER STATION CA US,1774.9,39.333,-120.173,0702,1868,387,-1481,0,-1868,454,-1414
TRUCKEE RANGER STATION CA US,1774.9,39.333,-120.173,0703,1868,387,-1481,0,-1868,454,-1414
TRUCKEE RANGER STATION CA US,1774.9,39.333,-120.173,0704,1869,387,-1482,0,-1869,454,-1415
TRUCKEE RANGER STATION CA US,1774.9,39.333,-120.173,0705,1870,387,-1483,0,-1870,454,-1416
TRUCKEE RANGER STATION CA US,1774.9,39.333,-120.173,0706,1871,387,-1484,0,-1871,454,-1417
TRUCKEE RANGER STATION CA US,1774.9,39.333,-120.173,0707,1871,387,-1484,0,-1871,454,-1417
TRUCKEE RANGER STATION CA US,1774.9,39.333,-120.173,0708,1872,387,-1485,0,-1872,454,-1418
TRUCKEE RANGER STATION CA US,1774.9,39.333,-120.173,0709,1873,387,-1486,0,-1873,454,-1419
TRUCKEE RANGER STATION CA US,1774.9,39.333,-120.173,0710,1874,387,-1487,0,-1874,454,-1420
TRUCKEE RANGER STATION CA US,1774.9,39.333,-120.173,0711,1875,387,-1488,0,-1875,454,-1421
TRUCKEE RANGER STATION CA US,1774.9,39.333,-120.173,0712,1876,387,-1489,0,-1876,454,-1422
TRUCKEE RANGER STATION CA US,1774.9,39.333,-120.173,0713,1877,387,-1490,0,-1877,454,-1423
TRUCKEE RANGER STATION CA US,1774.9,39.333,-120.173,0714,1878,387,-1491,0,-1878,454,-1424
TRUCKEE RANGER STATION CA US,1774.9,39.333,-120.173,0715,1878,387,-1491,0,-1878,454,-1424
TRUCKEE RANGER STATION CA US,1774.9,39.333,-120.173,0716,1879,387,-1492,0,-1879,454,-1425
TRUCKEE RANGER STATION CA US,1774.9,39.333,-120.173,0717,1880,387,-1493,0,-1880,454,-1426
TRUCKEE RANGER STATION CA US,1774.9,39.333,-120.173,0718,1881,387,-1494,0,-1881,454,-1427
TRUCKEE RANGER STATION CA US,1774.9,39.333,-120.173,0719,1881,387,-1494,0,-1881,454,-1427
TRUCKEE RANGER STATION CA US,1774.9,39.333,-120.173,0720,1882,387,-1495,0,-1882,454,-1428
TRUCKEE RANGER STATION CA US,1774.9,39.333,-120.173,0721,1883,387,-1496,0,-1883,454,-1429
TRUCKEE RANGER STATION CA US,1774.9,39.333,-120.173,0722,1884,387,-1497,0,-1884,454,-1430
TRUCKEE RANGER STATION CA US,1774.9,39.333,-120.173,0723,1885,387,-1498,0,-1885,454,-1431
TRUCKEE RANGER STATION CA US,1774.9,39.333,-120.173,0724,1886,387,-1499,0,-1886,454,-1432
TRUCKEE RANGER STATION CA US,1774.9,39.333,-120.173,0725,1887,387,-1500,0,-1887,454,-1433
TRUCKEE RANGER STATION CA US,1774.9,39.333,-120.173,0726,1888,387,-1501,0,-1888,454,-1434
TRUCKEE RANGER STATION CA US,1774.9,39.333,-120.173,0727,1889,387,-1502,0,-1889,454,-1435
TRUCKEE RANGER STATION CA US,1774.9,39.333,-120.173,0728,1890,387,-1503,0,-1890,454,-1436
TRUCKEE RANGER STATION CA US,1774.9,39.333,-120.173,0729,1892,387,-1505,0,-1892,454,-1438
TRUCKEE RANGER STATION CA US,1774.9,39.333,-120.173,0730,1893,387,-1506,0,-1893,454,-1439
TRUCKEE RANGER STATION CA US,1774.9,39.333,-120.173,0731,1894,387,-1507,0,-1894,454,-1440
TRUCKEE RANGER STATION CA US,1774.9,39.333,-120.173,0801,1896,387,-1509,0,-1896,454,-1442
TRUCKEE RANGER STATION CA US,1774.9,39.333,-120.173,0802,1897,387,-1510,0,-1897,454,-1443
TRUCKEE RANGER STATION CA US,1774.9,39.333,-120.173,0803,1899,387,-1512,0,-1899,454,-1445
TRUCKEE RANGER STATION CA US,1774.9,39.333,-120.173,0804,1900,387,-1513,0,-1900,454,-1446
TRUCKEE RANGER STATION CA US,1774.9,39.333,-120.173,0805,1902,387,-1515,0,-1902,454,-1448
TRUCKEE RANGER STATION CA US,1774.9,39.333,-120.173,0806,1903,387,-1516,0,-1903,454,-1449
TRUCKEE RANGER STATION CA US,1774.9,39.333,-120.173,0807,1905,387,-1518,0,-1905,454,-1451
TRUCKEE RANGER STATION CA US,1774.9,39.333,-120.173,0808,1906,387,-1519,0,-1906,454,-1452
TRUCKEE RANGER STATION CA US,1774.9,39.333,-120.173,0809,1908,387,-1521,0,-1908,454,-1454
TRUCKEE RANGER STATION CA US,1774.9,39.333,-120.173,0810,1909,387,-1522,0,-1909,454,-1455
TRUCKEE RANGER STATION CA US,1774.9,39.333,-120.173,0811,1911,387,-1524,0,-1911,454,-1457
TRUCKEE RANGER STATION CA US,1774.9,39.333,-120.173,0812,1912,387,-1525,0,-1912,454,-1458
TRUCKEE RANGER STATION CA US,1774.9,39.333,-120.173,0813,1913,387,-1526,0,-1913,454,-1459
TRUCKEE RANGER STATION CA US,1774.9,39.333,-120.173,0814,1915,387,-1528,0,-1915,454,-1461
TRUCKEE RANGER STATION CA US,1774.9,39.333,-120.173,0815,1916,387,-1529,0,-1916,454,-1462
TRUCKEE RANGER STATION CA US,1774.9,39.333,-120.173,0816,1917,387,-1530,0,-1917,454,-1463
TRUCKEE RANGER STATION CA US,1774.9,39.333,-120.173,0817,1918,387,-1531,0,-1918,454,-1464
TRUCKEE RANGER STATION CA US,1774.9,39.333,-120.173,0818,1920,387,-1533,0,-1920,454,-1466
TRUCKEE RANGER STATION CA US,1774.9,39.333,-120.173,0819,1921,387,-1534,0,-1921,454,-1467
TRUCKEE RANGER STATION CA US,1774.9,39.333,-120.173,0820,1922,387,-1535,0,-1922,454,-1468
TRUCKEE RANGER STATION CA US,1774.9,39.333,-120.173,0821,1924,387,-1537,0,-1924,454,-1470
TRUCKEE RANGER STATION CA US,1774.9,39.333,-120.173,0822,1925,387,-1538,0,-1925,454,-1471
TRUCKEE RANGER STATION CA US,1774.9,39.333,-120.173,0823,1926,387,-1539,0,-1926,454,-1472
TRUCKEE RANGER STATION CA US,1774.9,39.333,-120.173,0824,1928,387,-1541,0,-1928,454,-1474
TRUCKEE RANGER STATION CA US,1774.9,39.333,-120.173,0825,1929,387,-1542,0,-1929,454,-1475
TRUCKEE RANGER STATION CA US,1774.9,39.333,-120.173,0826,1930,387,-1543,0,-1930,454,-1476
TRUCKEE RANGER STATION CA US,1774.9,39.333,-120.173,0827,1932,387,-1545,0,-1932,454,-1478
TRUCKEE RANGER STATION CA US,1774.9,39.333,-120.173,0828,1933,387,-1546,0,-1933,454,-1479
TRUCKEE RANGER STATION CA US,1774.9,39.333,-120.173,0829,1935,387,-1548,0,-1935,454,-1481
TRUCKEE RANGER STATION CA US,1774.9,39.333,-120.173,0830,1936,387,-1549,0,-1936,454,-1482
TRUCKEE RANGER STATION CA US,1774.9,39.333,-120.173,0831,1937,387,-1550,0,-1937,454,-1483
TRUCKEE RANGER STATION CA US,1774.9,39.333,-120.173,0901,1938,387,-1551,0,-1938,454,-1484
TRUCKEE RANGER STATION CA US,1774.9,39.333,-120.173,0902,1940,387,-1553,0,-1940,454,-1486
TRUCKEE RANGER STATION CA US,1774.9,39.333,-120.173,0903,1942,387,-1555,0,-1942,454,-1488
TRUCKEE RANGER STATION CA US,1774.9,39.333,-120.173,0904,1943,387,-1556,0,-1943,454,-1489
TRUCKEE RANGER STATION CA US,1774.9,39.333,-120.173,0905,1945,387,-1558,0,-1945,454,-1491
TRUCKEE RANGER STATION CA US,1774.9,39.333,-120.173,0906,1947,387,-1560,0,-1947,454,-1493
TRUCKEE RANGER STATION CA US,1774.9,39.333,-120.173,0907,1949,387,-1562,0,-1949,454,-1495
TRUCKEE RANGER STATION CA US,1774.9,39.333,-120.173,0908,1951,387,-1564,0,-1951,454,-1497
TRUCKEE RANGER STATION CA US,1774.9,39.333,-120.173,0909,1953,387,-1566,0,-1953,454,-1499
TRUCKEE RANGER STATION CA US,1774.9,39.333,-120.173,0910,1955,387,-1568,0,-1955,454,-1501
TRUCKEE RANGER STATION CA US,1774.9,39.333,-120.173,0911,1958,387,-1571,0,-1958,454,-1504
TRUCKEE RANGER STATION CA US,1774.9,39.333,-120.173,0912,1961,387,-1574,0,-1961,454,-1507
TRUCKEE RANGER STATION CA US,1774.9,39.333,-120.173,0913,1964,387,-1577,0,-1964,454,-1510
TRUCKEE RANGER STATION CA US,1774.9,39.333,-120.173,0914,1967,387,-1580,0,-1967,454,-1513
TRUCKEE RANGER STATION CA US,1774.9,39.333,-120.173,0915,1970,387,-1583,0,-1970,454,-1516
TRUCKEE RANGER STATION CA US,1774.9,39.333,-120.173,0916,1973,387,-1586,0,-1973,454,-1519
TRUCKEE RANGER STATION CA US,1774.9,39.333,-120.173,0917,1976,387,-1589,0,-1976,454,-1522
TRUCKEE RANGER STATION CA US,1774.9,39.333,-120.173,0918,1980,390,-1590,0,-1980,454,-1526
TRUCKEE RANGER STATION CA US,1774.9,39.333,-120.173,0919,1983,390,-1593,0,-1983,454,-1529
TRUCKEE RANGER STATION CA US,1774.9,39.333,-120.173,0920,1987,390,-1597,0,-1987,454,-1533
TRUCKEE RANGER STATION CA US,1774.9,39.333,-120.173,0921,1990,390,-1600,0,-1990,454,-1536
TRUCKEE RANGER STATION CA US,1774.9,39.333,-120.173,0922,1994,390,-1604,0,-1994,454,-1540
TRUCKEE RANGER STATION CA US,1774.9,39.333,-120.173,0923,1998,390,-1608,0,-1998,454,-1544
TRUCKEE RANGER STATION CA US,1774.9,39.333,-120.173,0924,2001,390,-1611,0,-2001,454,-1547
TRUCKEE RANGER STATION CA US,1774.9,39.333,-120.173,0925,2005,393,-1612,0,-2005,454,-1551
TRUCKEE RANGER STATION CA US,1774.9,39.333,-120.173,0926,2008,393,-1615,0,-2008,454,-1554
TRUCKEE RANGER STATION CA US,1774.9,39.333,-120.173,0927,2012,393,-1619,0,-2012,454,-1558
TRUCKEE RANGER STATION CA US,1774.9,39.333,-120.173,0928,2016,393,-1623,0,-2016,454,-1562
TRUCKEE RANGER STATION CA US,1774.9,39.333,-120.173,0929,2020,393,-1627,0,-2020,454,-1566
TRUCKEE RANGER STATION CA US,1774.9,39.333,-120.173,0930,2024,393,-1631,0,-2024,454,-1570
TRUCKEE RANGER STATION CA US,1774.9,39.333,-120.173,1001,2028,393,-1635,0,-2028,454,-1574
TRUCKEE RANGER STATION CA US,1774.9,39.333,-120.173,1002,2032,393,-1639,0,-2032,454,-1578
TRUCKEE RANGER STATION CA US,1774.9,39.333,-120.173,1003,2035,393,-1642,0,-2035,454,-1581
TRUCKEE RANGER STATION CA US,1774.9,39.333,-120.173,1004,2039,393,-1646,0,-2039,454,-1585
TRUCKEE RANGER STATION CA US,1774.9,39.333,-120.173,1005,2043,393,-1650,0,-2043,454,-1589
TRUCKEE RANGER STATION CA US,1774.9,39.333,-120.173,1006,2047,393,-1654,0,-2047,454,-1593
TRUCKEE RANGER STATION CA US,1774.9,39.333,-120.173,1007,2051,393,-1658,0,-2051,454,-1597
TRUCKEE RANGER STATION CA US,1774.9,39.333,-120.173,1008,2055,393,-1662,0,-2055,454,-1601
TRUCKEE RANGER STATION CA US,1774.9,39.333,-120.173,1009,2059,393,-1666,0,-2059,454,-1605
TRUCKEE RANGER STATION CA US,1774.9,39.333,-120.173,1010,2063,393,-1670,0,-2063,454,-1609
TRUCKEE RANGER STATION CA US,1774.9,39.333,-120.173,1011,2068,393,-1675,0,-2068,454,-1614
TRUCKEE RANGER STATION CA US,1774.9,39.333,-120.173,1012,2072,393,-1679,0,-2072,454,-1618
TRUCKEE RANGER STATION CA US,1774.9,39.333,-120.173,1013,2077,393,-1684,0,-2077,454,-1623
TRUCKEE RANGER STATION CA US,1774.9,39.333,-120.173,1014,2082,393,-1689,0,-2082,454,-1628
TRUCKEE RANGER STATION CA US,1774.9,39.333,-120.173,1015,2088,393,-1695,0,-2088,454,-1634
TRUCKEE RANGER STATION CA US,1774.9,39.333,-120.173,1016,2094,393,-1701,0,-2094,454,-1640
TRUCKEE RANGER STATION CA US,1774.9,39.333,-120.173,1017,2100,393,-1707,0,-2100,454,-1646
TRUCKEE RANGER STATION CA US,1774.9,39.333,-120.173,1018,2106,393,-1713,0,-2106,454,-1652
TRUCKEE RANGER STATION CA US,1774.9,39.333,-120.173,1019,2112,393,-1719,0,-2112,454,-1658
TRUCKEE RANGER STATION CA US,1774.9,39.333,-120.173,1020,2119,393,-1726,0,-2119,454,-1665
TRUCKEE RANGER STATION CA US,1774.9,39.333,-120.173,1021,2126,393,-1733,0,-2126,454,-1672
TRUCKEE RANGER STATION CA US,1774.9,39.333,-120.173,1022,2132,393,-1739,0,-2132,454,-1678
TRUCKEE RANGER STATION CA US,1774.9,39.333,-120.173,1023,2139,393,-1746,0,-2139,454,-1685
TRUCKEE RANGER STATION CA US,1774.9,39.333,-120.173,1024,2146,393,-1753,0,-2146,454,-1692
TRUCKEE RANGER STATION CA US,1774.9,39.333,-120.173,1025,2153,393,-1760,0,-2153,454,-1699
TRUCKEE RANGER STATION CA US,1774.9,39.333,-120.173,1026,2160,393,-1767,0,-2160,454,-1706
TRUCKEE RANGER STATION CA US,1774.9,39.333,-120.173,1027,2168,393,-1775,0,-2168,454,-1714
TRUCKEE RANGER STATION CA US,1774.9,39.333,-120.173,1028,2177,393,-1784,0,-2177,454,-1723
TRUCKEE RANGER STATION CA US,1774.9,39.333,-120.173,1029,2186,401,-1785,0,-2186,454,-1732
TRUCKEE RANGER STATION CA US,1774.9,39.333,-120.173,1030,2196,411,-1785,0,-2196,454,-1742
TRUCKEE RANGER STATION CA US,1774.9,39.333,-120.173,1031,2206,411,-1795,0,-2206,454,-1752
TRUCKEE RANGER STATION CA US,1774.9,39.333,-120.173,1101,2215,411,-1804,0,-2215,454,-1761
TRUCKEE RANGER STATION CA US,1774.9,39.333,-120.173,1102,2225,411,-1814,0,-2225,454,-1771
TRUCKEE RANGER STATION CA US,1774.9,39.333,-120.173,1103,2235,411,-1824,0,-2235,454,-1781
TRUCKEE RANGER STATION CA US,1774.9,39.333,-120.173,1104,2245,411,-1834,0,-2245,454,-1791
TRUCKEE RANGER STATION CA US,1774.9,39.333,-120.173,1105,2256,411,-1845,0,-2256,454,-1802
TRUCKEE RANGER STATION CA US,1774.9,39.333,-120.173,1106,2266,411,-1855,0,-2266,454,-1812
TRUCKEE RANGER STATION CA US,1774.9,39.333,-120.173,1107,2277,411,-1866,0,-2277,454,-1823
TRUCKEE RANGER STATION CA US,1774.9,39.333,-120.173,1108,2288,411,-1877,0,-2288,454,-1834
TRUCKEE RANGER STATION CA US,1774.9,39.333,-120.173,1109,2300,411,-1889,0,-2300,454,-1846
TRUCKEE RANGER STATION CA US,1774.9,39.333,-120.173,1110,2312,411,-1901,0,-2312,454,-1858
TRUCKEE RANGER STATION CA US,1774.9,39.333,-120.173,1111,2324,411,-1913,0,-2324,454,-1870
TRUCKEE RANGER STATION CA US,1774.9,39.333,-120.173,1112,2337,411,-1926,0,-2337,454,-1883
TRUCKEE RANGER STATION CA US,1774.9,39.333,-120.173,1113,2350,411,-1939,0,-2350,454,-1896
TRUCKEE RANGER STATION CA US,1774.9,39.333,-120.173,1114,2362,411,-1951,0,-2362,454,-1908
TRUCKEE RANGER STATION CA US,1774.9,39.333,-120.173,1115,2374,411,-1963,0,-2374,454,-1920
TRUCKEE RANGER STATION CA US,1774.9,39.333,-120.173,1116,2387,411,-1976,0,-2387,454,-1933
TRUCKEE RANGER STATION CA US,1774.9,39.333,-120.173,1117,2400,411,-1989,0,-2400,454,-1946
TRUCKEE RANGER STATION CA US,1774.9,39.333,-120.173,1118,2414,411,-2003,0,-2414,454,-1960
TRUCKEE RANGER STATION CA US,1774.9,39.333,-120.173,1119,2427,411,-2016,0,-2427,454,-1973
TRUCKEE RANGER STATION CA US,1774.9,39.333,-120.173,1120,2441,411,-2030,0,-2441,454,-1987
TRUCKEE RANGER STATION CA US,1774.9,39.333,-120.173,1121,2456,411,-2045,0,-2456,454,-2002
TRUCKEE RANGER STATION CA US,1774.9,39.333,-120.173,1122,2470,411,-2059,0,-2470,454,-2016
TRUCKEE RANGER STATION CA US,1774.9,39.333,-120.173,1123,2485,411,-2074,0,-2485,454,-2031
TRUCKEE RANGER STATION CA US,1774.9,39.333,-120.173,1124,2499,411,-2088,0,-2499,454,-2045
TRUCKEE RANGER STATION CA US,1774.9,39.333,-120.173,1125,2514,411,-2103,0,-2514,454,-2060
TRUCKEE RANGER STATION CA US,1774.9,39.333,-120.173,1126,2529,411,-2118,0,-2529,454,-2075
TRUCKEE RANGER STATION CA US,1774.9,39.333,-120.173,1127,2544,411,-2133,0,-2544,454,-2090
TRUCKEE RANGER STATION CA US,1774.9,39.333,-120.173,1128,2559,411,-2148,0,-2559,454,-2105
TRUCKEE RANGER STATION CA US,1774.9,39.333,-120.173,1129,2574,411,-2163,0,-2574,454,-2120
TRUCKEE RANGER STATION CA US,1774.9,39.333,-120.173,1130,2589,411,-2178,0,-2589,454,-2135
TRUCKEE RANGER STATION CA US,1774.9,39.333,-120.173,1201,2605,411,-2194,0,-2605,454,-2151
TRUCKEE RANGER STATION CA US,1774.9,39.333,-120.173,1202,2622,411,-2211,0,-2622,454,-2168
TRUCKEE RANGER STATION CA US,1774.9,39.333,-120.173,1203,2637,411,-2226,0,-2637,454,-2183
TRUCKEE RANGER STATION CA US,1774.9,39.333,-120.173,1204,2653,411,-2242,0,-2653,454,-2199
TRUCKEE RANGER STATION CA US,1774.9,39.333,-120.173,1205,2669,411,-2258,0,-2669,454,-2215
TRUCKEE RANGER STATION CA US,1774.9,39.333,-120.173,1206,2686,411,-2275,0,-2686,454,-2232
TRUCKEE RANGER STATION CA US,1774.9,39.333,-120.173,1207,2702,411,-2291,0,-2702,454,-2248
TRUCKEE RANGER STATION CA US,1774.9,39.333,-120.173,1208,2719,411,-2308,0,-2719,454,-2265
TRUCKEE RANGER STATION CA US,1774.9,39.333,-120.173,1209,2736,411,-2325,0,-2736,454,-2282
TRUCKEE RANGER STATION CA US,1774.9,39.333,-120.173,1210,2752,411,-2341,0,-2752,454,-2298
TRUCKEE RANGER STATION CA US,1774.9,39.333,-120.173,1211,2768,411,-2357,0,-2768,454,-2314
TRUCKEE RANGER STATION CA US,1774.9,39.333,-120.173,1212,2784,411,-2373,0,-2784,454,-2330
TRUCKEE RANGER STATION CA US,1774.9,39.333,-120.173,1213,2801,411,-2390,0,-2801,454,-2347
TRUCKEE RANGER STATION CA US,1774.9,39.333,-120.173,1214,2817,411,-2406,0,-2817,454,-2363
TRUCKEE RANGER STATION CA US,1774.9,39.333,-120.173,1215,2833,411,-2422,0,-2833,454,-2379
TRUCKEE RANGER STATION CA US,1774.9,39.333,-120.173,1216,2850,411,-2439,0,-2850,454,-2396
TRUCKEE RANGER STATION CA US,1774.9,39.333,-120.173,1217,2867,411,-2456,0,-2867,454,-2413
TRUCKEE RANGER STATION CA US,1774.9,39.333,-120.173,1218,2885,411,-2474,0,-2885,454,-2431
TRUCKEE RANGER STATION CA US,1774.9,39.333,-120.173,1219,2903,411,-2492,0,-2903,454,-2449
TRUCKEE RANGER STATION CA US,1774.9,39.333,-120.173,1220,2922,411,-2511,0,-2922,454,-2468
TRUCKEE RANGER STATION CA US,1774.9,39.333,-120.173,1221,2940,411,-2529,0,-2940,454,-2486
TRUCKEE RANGER STATION CA US,1774.9,39.333,-120.173,1222,2959,411,-2548,0,-2959,454,-2505
TRUCKEE RANGER STATION CA US,1774.9,39.333,-120.173,1223,2978,411,-2567,0,-2978,454,-2524
TRUCKEE RANGER STATION CA US,1774.9,39.333,-120.173,1224,2997,411,-2586,0,-2997,454,-2543
TRUCKEE RANGER STATION CA US,1774.9,39.333,-120.173,1225,3016,411,-2605,0,-3016,454,-2562
TRUCKEE RANGER STATION CA US,1774.9,39.333,-120.173,1226,3034,411,-2623,0,-3034,454,-2580
TRUCKEE RANGER STATION CA US,1774.9,39.333,-120.173,1227,3053,411,-2642,0,-3053,454,-2599
TRUCKEE RANGER STATION CA US,1774.9,39.333,-120.173,1228,3071,411,-2660,0,-3071,454,-2617
TRUCKEE RANGER STATION CA US,1774.9,39.333,-120.173,1229,3088,411,-2677,0,-3088,454,-2634
TRUCKEE RANGER STATION CA US,1774.9,39.333,-120.173,1230,3106,411,-2695,0,-3106,454,-2652
TRUCKEE RANGER STATION CA US,1774.9,39.333,-120.173,1231,3124,411,-2713,0,-3124,454,-2670
JOSHUA TREE CA US,781.2,34.14694,-116.27472,0101,1,0,-1,0,-1,0,-1
JOSHUA TREE CA US,781.2,34.14694,-116.27472,0102,2,0,-2,0,-2,0,-2
JOSHUA TREE CA US,781.2,34.14694,-116.27472,0103,3,0,-3,0,-3,0,-3
JOSHUA TREE CA US,781.2,34.14694,-116.27472,0104,4,0,-4,0,-4,0,-4
JOSHUA TREE CA US,781.2,34.14694,-116.27472,0105,5,0,-5,0,-5,0,-5
JOSHUA TREE CA US,781.2,34.14694,-116.27472,0106,6,0,-6,0,-6,0,-6
JOSHUA TREE CA US,781.2,34.14694,-116.27472,0107,7,13,6,0,-7,0,-7
JOSHUA TREE CA US,781.2,34.14694,-116.27472,0108,10,13,3,0,-10,0,-10
JOSHUA TREE CA US,781.2,34.14694,-116.27472,0109,13,13,0,0,-13,0,-13
JOSHUA TREE CA US,781.2,34.14694,-116.27472,0110,15,13,-2,0,-15,0,-15
JOSHUA TREE CA US,781.2,34.14694,-116.27472,0111,18,23,5,0,-18,0,-18
JOSHUA TREE CA US,781.2,34.14694,-116.27472,0112,21,23,2,0,-21,43,22
JOSHUA TREE CA US,781.2,34.14694,-116.27472,0113,23,23,0,0,-23,43,20
JOSHUA TREE CA US,781.2,34.14694,-116.27472,0114,26,23,-3,0,-26,43,17
JOSHUA TREE CA US,781.2,34.14694,-116.27472,0115,29,23,-6,0,-29,43,14
JOSHUA TREE CA US,781.2,34.14694,-116.27472,0116,31,23,-8,0,-31,43,12
JOSHUA TREE CA US,781.2,34.14694,-116.27472,0117,34,23,-11,0,-34,43,9
JOSHUA TREE CA US,781.2,34.14694,-116.27472,0118,37,23,-14,0,-37,43,6
JOSHUA TREE CA US,781.2,34.14694,-116.27472,0119,40,23,-17,0,-40,43,3
JOSHUA TREE CA US,781.2,34.14694,-116.27472,0120,42,23,-19,0,-42,43,1
JOSHUA TREE CA US,781.2,34.14694,-116.27472,0121,45,23,-22,0,-45,43,-2
JOSHUA TREE CA US,781.2,34.14694,-116.27472,0122,48,23,-25,0,-48,43,-5
JOSHUA TREE CA US,781.2,34.14694,-116.27472,0123,50,23,-27,0,-50,43,-7
JOSHUA TREE CA US,781.2,34.14694,-116.27472,0124,54,23,-31,0,-54,43,-11
JOSHUA TREE CA US,781.2,34.14694,-116.27472,0125,57,36,-21,0,-57,43,-14
JOSHUA TREE CA US,781.2,34.14694,-116.27472,0126,60,178,118,0,-60,43,-17
JOSHUA TREE CA US,781.2,34.14694,-116.27472,0127,63,181,118,0,-63,76,13
JOSHUA TREE CA US,781.2,34.14694,-116.27472,0128,67,181,114,0,-67,76,9
JOSHUA TREE CA US,781.2,34.14694,-116.27472,0129,70,181,111,0,-70,76,6
JOSHUA TREE CA US,781.2,34.14694,-116.27472,0130,74,181,107,0,-74,127,53
JOSHUA TREE CA US,781.2,34.14694,-116.27472,0131,77,181,104,0,-77,188,111
JOSHUA TREE CA US,781.2,34.14694,-116.27472,0201,86,181,95,0,-86,188,102
JOSHUA TREE CA US,781.2,34.14694,-116.27472,0202,96,181,85,0,-96,188,92
JOSHUA TREE CA US,781.2,34.14694,-116.27472,0203,104,181,77,0,-104,188,84
JOSHUA TREE CA US,781.2,34.14694,-116.27472,0204,111,181,70,0,-111,188,77
JOSHUA TREE CA US,781.2,34.14694,-116.27472,0205,116,181,65,0,-116,188,72
JOSHUA TREE CA US,781.2,34.14694,-116.27472,0206,119,181,62,0,-119,188,69
JOSHUA TREE CA US,781.2,34.14694,-116.27472,0207,121,181,60,3,-118,188,67
JOSHUA TREE CA US,781.2,34.14694,-116.27472,0208,123,181,58,3,-120,188,65
JOSHUA TREE CA US,781.2,34.14694,-116.27472,0209,126,181,55,3,-123,188,62
JOSHUA TREE CA US,781.2,34.14694,-116.27472,0210,128,181,53,3,-125,188,60
JOSHUA TREE CA US,781.2,34.14694,-116.27472,0211,130,181,51,3,-127,188,58
JOSHUA TREE CA US,781.2,34.14694,-116.27472,0212,132,181,49,3,-129,188,56
JOSHUA TREE CA US,781.2,34.14694,-116.27472,0213,134,181,47,3,-131,188,54
JOSHUA TREE CA US,781.2,34.14694,-116.27472,0214,136,181,45,3,-133,188,52
JOSHUA TREE CA US,781.2,34.14694,-116.27472,0215,139,181,42,3,-136,188,49
JOSHUA TREE CA US,781.2,34.14694,-116.27472,0216,141,181,40,3,-138,188,47
JOSHUA TREE CA US,781.2,34.14694,-116.27472,0217,143,181,38,3,-140,188,45
JOSHUA TREE CA US,781.2,34.14694,-116.27472,0218,145,181,36,3,-142,188,43
JOSHUA TREE CA US,781.2,34.14694,-116.27472,0219,147,181,34,3,-144,188,41
JOSHUA TREE CA US,781.2,34.14694,-116.27472,0220,149,181,32,3,-146,188,39
JOSHUA TREE CA US,781.2,34.14694,-116.27472,0221,152,181,29,3,-149,188,36
JOSHUA TREE CA US,781.2,34.14694,-116.27472,0222,154,181,27,3,-151,188,34
JOSHUA TREE CA US,781.2,34.14694,-116.27472,0223,155,181,26,3,-152,213,58
JOSHUA TREE CA US,781.2,34.14694,-116.27472,0224,156,181,25,3,-153,269,113
JOSHUA TREE CA US,781.2,34.14694,-116.27472,0225,157,181,24,3,-154,269,112
JOSHUA TREE CA US,781.2,34.14694,-116.27472,0226,158,181,23,3,-155,269,111
JOSHUA TREE CA US,781.2,34.14694,-116.27472,0227,158,181,23,3,-155,269,111
JOSHUA TREE CA US,781.2,34.14694,-116.27472,0228,159,181,22,8,-151,269,110
JOSHUA TREE CA US,781.2,34.14694,-116.27472,0301,162,181,19,193,31,269,107
JOSHUA TREE CA US,781.2,34.14694,-116.27472,0302,166,181,15,193,27,363,197
JOSHUA TREE CA US,781.2,34.14694,-116.27472,0303,169,181,12,193,24,363,194
JOSHUA TREE CA US,781.2,34.14694,-116.27472,0304,172,181,9,193,21,363,191
JOSHUA TREE CA US,781.2,34.14694,-116.27472,0305,174,181,7,193,19,363,189
JOSHUA TREE CA US,781.2,34.14694,-116.27472,0306,177,181,4,193,16,363,186
JOSHUA TREE CA US,781.2,34.14694,-116.27472,0307,180,181,1,193,13,363,183
JOSHUA TREE CA US,781.2,34.14694,-116.27472,0308,183,184,1,193,10,363,180
JOSHUA TREE CA US,781.2,34.14694,-116.27472,0309,185,189,4,193,8,363,178
JOSHUA TREE CA US,781.2,34.14694,-116.27472,0310,188,189,1,193,5,363,175
JOSHUA TREE CA US,781.2,34.14694,-116.27472,0311,191,189,-2,193,2,363,172
JOSHUA TREE CA US,781.2,34.14694,-116.27472,0312,194,189,-5,193,-1,363,169
JOSHUA TREE CA US,781.2,34.14694,-116.27472,0313,196,189,-7,193,-3,363,167
JOSHUA TREE CA US,781.2,34.14694,-116.27472,0314,199,189,-10,193,-6,363,164
JOSHUA TREE CA US,781.2,34.14694,-116.27472,0315,202,189,-13,193,-9,363,161
JOSHUA TREE CA US,781.2,34.14694,-116.27472,0316,204,189,-15,193,-11,363,159
JOSHUA TREE CA US,781.2,34.14694,-116.27472,0317,207,189,-18,193,-14,363,156
JOSHUA TREE CA US,781.2,34.14694,-116.27472,0318,209,189,-20,193,-16,363,154
JOSHUA TREE CA US,781.2,34.14694,-116.27472,0319,212,189,-23,193,-19,363,151
JOSHUA TREE CA US,781.2,34.14694,-116.27472,0320,215,189,-26,193,-22,363,148
JOSHUA TREE CA US,781.2,34.14694,-116.27472,0321,217,189,-28,193,-24,363,146
JOSHUA TREE CA US,781.2,34.14694,-116.27472,0322,217,189,-28,193,-24,363,146
JOSHUA TREE CA US,781.2,34.14694,-116.27472,0323,217,189,-28,193,-24,363,146
JOSHUA TREE CA US,781.2,34.14694,-116.27472,0324,217,189,-28,193,-24,363,146
JOSHUA TREE CA US,781.2,34.14694,-116.27472,0325,217,189,-28,193,-24,363,146
JOSHUA TREE CA US,781.2,34.14694,-116.27472,0326,217,189,-28,193,-24,363,146
JOSHUA TREE CA US,781.2,34.14694,-116.27472,0327,217,189,-28,193,-24,363,146
JOSHUA TREE CA US,781.2,34.14694,-116.27472,0328,217,189,-28,193,-24,363,146
JOSHUA TREE CA US,781.2,34.14694,-116.27472,0329,218,189,-29,193,-25,363,145
JOSHUA TREE CA US,781.2,34.14694,-116.27472,0330,218,189,-29,193,-25,363,145
JOSHUA TREE CA US,781.2,34.14694,-116.27472,0331,219,189,-30,193,-26,363,144
JOSHUA TREE CA US,781.2,34.14694,-116.27472,0401,219,189,-30,193,-26,363,144
JOSHUA TREE CA US,781.2,34.14694,-116.27472,0402,220,189,-31,193,-27,363,143
JOSHUA TREE CA US,781.2,34.14694,-116.27472,0403,220,189,-31,193,-27,363,143
JOSHUA TREE CA US,781.2,34.14694,-116.27472,0404,221,189,-32,193,-28,363,142
JOSHUA TREE CA US,781.2,34.14694,-116.27472,0405,221,189,-32,193,-28,363,142
JOSHUA TREE CA US,781.2,34.14694,-116.27472,0406,221,189,-32,193,-28,363,142
JOSHUA TREE CA US,781.2,34.14694,-116.27472,0407,222,189,-33,193,-29,363,141
JOSHUA TREE CA US,781.2,34.14694,-116.27472,0408,222,189,-33,193,-29,363,141
JOSHUA TREE CA US,781.2,34.14694,-116.27472,0409,222,189,-33,193,-29,363,141
JOSHUA TREE CA US,781.2,34.14694,-116.27472,0410,223,189,-34,193,-30,363,140
JOSHUA TREE CA US,781.2,34.14694,-116.27472,0411,223,189,-34,193,-30,363,140
JOSHUA TREE CA US,781.2,34.14694,-116.27472,0412,224,189,-35,193,-31,363,139
JOSHUA TREE CA US,781.2,34.14694,-116.27472,0413,224,189,-35,193,-31,363,139
JOSHUA TREE CA US,781.2,34.14694,-116.27472,0414,224,189,-35,193,-31,363,139
JOSHUA TREE CA US,781.2,34.14694,-116.27472,0415,225,189,-36,193,-32,363,138
JOSHUA TREE CA US,781.2,34.14694,-116.27472,0416,225,189,-36,193,-32,363,138
JOSHUA TREE CA US,781.2,34.14694,-116.27472,0417,226,189,-37,193,-33,363,137
JOSHUA TREE CA US,781.2,34.14694,-116.27472,0418,226,189,-37,193,-33,363,137
JOSHUA TREE CA US,781.2,34.14694,-116.27472,0419,226,189,-37,193,-33,363,137
JOSHUA TREE CA US,781.2,34.14694,-116.27472,0420,227,189,-38,193,-34,363,136
JOSHUA TREE CA US,781.2,34.14694,-116.27472,0421,227,189,-38,193,-34,363,136
JOSHUA TREE CA US,781.2,34.14694,-116.27472,0422,228,189,-39,193,-35,363,135
JOSHUA TREE CA US,781.2,34.14694,-116.27472,0423,228,189,-39,193,-35,363,135
JOSHUA TREE CA US,781.2,34.14694,-116.27472,0424,228,189,-39,193,-35,363,135
JOSHUA TREE CA US,781.2,34.14694,-116.27472,0425,229,189,-40,193,-36,363,134
JOSHUA TREE CA US,781.2,34.14694,-116.27472,0426,229,189,-40,218,-11,363,134
JOSHUA TREE CA US,781.2,34.14694,-116.27472,0427,229,189,-40,218,-11,363,134
JOSHUA TREE CA US,781.2,34.14694,-116.27472,0428,229,189,-40,218,-11,363,134
JOSHUA TREE CA US,781.2,34.14694,-116.27472,0429,229,189,-40,218,-11,363,134
JOSHUA TREE CA US,781.2,34.14694,-116.27472,0430,229,189,-40,218,-11,363,134
JOSHUA TREE CA US,781.2,34.14694,-116.27472,0501,229,189,-40,218,-11,363,134
JOSHUA TREE CA US,781.2,34.14694,-116.27472,0502,229,189,-40,218,-11,363,134
JOSHUA TREE CA US,781.2,34.14694,-116.27472,0503,229,189,-40,218,-11,363,134
JOSHUA TREE CA US,781.2,34.14694,-116.27472,0504,229,189,-40,218,-11,363,134
JOSHUA TREE CA US,781.2,34.14694,-116.27472,0505,229,189,-40,218,-11,363,134
JOSHUA TREE CA US,781.2,34.14694,-116.27472,0506,229,189,-40,218,-11,363,134
JOSHUA TREE CA US,781.2,34.14694,-116.27472,0507,229,189,-40,218,-11,363,134
JOSHUA TREE CA US,781.2,34.14694,-116.27472,0508,229,189,-40,218,-11,363,134
JOSHUA TREE CA US,781.2,34.14694,-116.27472,0509,229,189,-40,218,-11,363,134
JOSHUA TREE CA US,781.2,34.14694,-116.27472,0510,231,189,-42,218,-13,363,132
JOSHUA TREE CA US,781.2,34.14694,-116.27472,0511,232,189,-43,218,-14,363,131
JOSHUA TREE CA US,781.2,34.14694,-116.27472,0512,234,189,-45,218,-16,363,129
JOSHUA TREE CA US,781.2,34.14694,-116.27472,0513,235,189,-46,218,-17,363,128
JOSHUA TREE CA US,781.2,34.14694,-116.27472,0514,236,189,-47,218,-18,363,127
JOSHUA TREE CA US,781.2,34.14694,-116.27472,0515,238,189,-49,218,-20,363,125
JOSHUA TREE CA US,781.2,34.14694,-116.27472,0516,239,189,-50,218,-21,363,124
JOSHUA TREE CA US,781.2,34.14694,-116.27472,0517,241,189,-52,218,-23,363,122
JOSHUA TREE CA US,781.2,34.14694,-116.27472,0518,242,189,-53,218,-24,363,121
JOSHUA TREE CA US,781.2,34.14694,-116.27472,0519,244,189,-55,218,-26,363,119
JOSHUA TREE CA US,781.2,34.14694,-116.27472,0520,245,189,-56,218,-27,363,118
JOSHUA TREE CA US,781.2,34.14694,-116.27472,0521,247,189,-58,218,-29,363,116
JOSHUA TREE CA US,781.2,34.14694,-116.27472,0522,248,189,-59,218,-30,363,115
JOSHUA TREE CA US,781.2,34.14694,-116.27472,0523,250,189,-61,218,-32,363,113
JOSHUA TREE CA US,781.2,34.14694,-116.27472,0524,251,189,-62,218,-33,363,112
JOSHUA TREE CA US,781.2,34.14694,-116.27472,0525,253,189,-64,218,-35,363,110
JOSHUA TREE CA US,781.2,34.14694,-116.27472,0526,254,189,-65,218,-36,363,109
JOSHUA TREE CA US,781.2,34.14694,-116.27472,0527,256,189,-67,218,-38,363,107
JOSHUA TREE CA US,781.2,34.14694,-116.27472,0528,257,189,-68,218,-39,363,106
JOSHUA TREE CA US,781.2,34.14694,-116.27472,0529,259,189,-70,218,-41,363,104
JOSHUA TREE CA US,781.2,34.14694,-116.27472,0530,260,189,-71,218,-42,363,103
JOSHUA TREE CA US,781.2,34.14694,-116.27472,0531,262,189,-73,218,-44,363,101
JOSHUA TREE CA US,781.2,34.14694,-116.27472,0601,263,189,-74,218,-45,363,100
JOSHUA TREE CA US,781.2,34.14694,-116.27472,0602,263,189,-74,218,-45,363,100
JOSHUA TREE CA US,781.2,34.14694,-116.27472,0603,264,189,-75,218,-46,363,99
JOSHUA TREE CA US,781.2,34.14694,-116.27472,0604,264,189,-75,218,-46,363,99
JOSHUA TREE CA US,781.2,34.14694,-116.27472,0605,265,189,-76,218,-47,363,98
JOSHUA TREE CA US,781.2,34.14694,-116.27472,0606,265,189,-76,218,-47,363,98
JOSHUA TREE CA US,781.2,34.14694,-116.27472,0607,266,189,-77,218,-48,363,97
JOSHUA TREE CA US,781.2,34.14694,-116.27472,0608,266,189,-77,218,-48,363,97
JOSHUA TREE CA US,781.2,34.14694,-116.27472,0609,266,189,-77,218,-48,363,97
JOSHUA TREE CA US,781.2,34.14694,-116.27472,0610,266,189,-77,218,-48,363,97
JOSHUA TREE CA US,781.2,34.14694,-116.27472,0611,266,189,-77,218,-48,363,97
JOSHUA TREE CA US,781.2,34.14694,-116.27472,0612,266,189,-77,218,-48,363,97
JOSHUA TREE CA US,781.2,34.14694,-116.27472,0613,266,189,-77,218,-48,363,97
JOSHUA TREE CA US,781.2,34.14694,-116.27472,0614,266,189,-77,218,-48,363,97
JOSHUA TREE CA US,781.2,34.14694,-116.27472,0615,266,189,-77,218,-48,363,97
JOSHUA TREE CA US,781.2,34.14694,-116.27472,0616,266,189,-77,218,-48,363,97
JOSHUA TREE CA US,781.2,34.14694,-116.27472,0617,266,189,-77,218,-48,363,97
JOSHUA TREE CA US,781.2,34.14694,-116.27472,0618,266,189,-77,218,-48,363,97
JOSHUA TREE CA US,781.2,34.14694,-116.27472,0619,266,189,-77,218,-48,363,97
JOSHUA TREE CA US,781.2,34.14694,-116.27472,0620,266,189,-77,218,-48,363,97
JOSHUA TREE CA US,781.2,34.14694,-116.27472,0621,266,189,-77,218,-48,363,97
JOSHUA TREE CA US,781.2,34.14694,-116.27472,0622,266,189,-77,218,-48,363,97
JOSHUA TREE CA US,781.2,34.14694,-116.27472,0623,266,189,-77,218,-48,363,97
JOSHUA TREE CA US,781.2,34.14694,-116.27472,0624,266,189,-77,218,-48,363,97
JOSHUA TREE CA US,781.2,34.14694,-116.27472,0625,266,189,-77,218,-48,363,97
JOSHUA TREE CA US,781.2,34.14694,-116.27472,0626,266,189,-77,218,-48,363,97
JOSHUA TREE CA US,781.2,34.14694,-116.27472,0627,266,189,-77,218,-48,363,97
JOSHUA TREE CA US,781.2,34.14694,-116.27472,0628,266,189,-77,218,-48,363,97
JOSHUA TREE CA US,781.2,34.14694,-116.27472,0629,266,189,-77,218,-48,363,97
JOSHUA TREE CA US,781.2,34.14694,-116.27472,0630,266,189,-77,218,-48,363,97
JOSHUA TREE CA US,781.2,34.14694,-116.27472,0701,266,189,-77,218,-48,363,97
JOSHUA TREE CA US,781.2,34.14694,-116.27472,0702,266,189,-77,218,-48,363,97
JOSHUA TREE CA US,781.2,34.14694,-116.27472,0703,266,189,-77,218,-48,363,97
JOSHUA TREE CA US,781.2,34.14694,-116.27472,0704,266,189,-77,218,-48,363,97
JOSHUA TREE CA US,781.2,34.14694,-116.27472,0705,266,189,-77,221,-45,363,97
JOSHUA TREE CA US,781.2,34.14694,-116.27472,0706,266,189,-77,234,-32,363,97
JOSHUA TREE CA US,781.2,34.14694,-116.27472,0707,266,189,-77,234,-32,363,97
JOSHUA TREE CA US,781.2,34.14694,-116.27472,0708,266,189,-77,234,-32,363,97
JOSHUA TREE CA US,781.2,34.14694,-116.27472,0709,266,189,-77,234,-32,363,97
JOSHUA TREE CA US,781.2,34.14694,-116.27472,0710,266,189,-77,234,-32,363,97
JOSHUA TREE CA US,781.2,34.14694,-116.27472,0711,266,194,-72,234,-32,363,97
JOSHUA TREE CA US,781.2,34.14694,-116.27472,0712,266,199,-67,234,-32,363,97
JOSHUA TREE CA US,781.2,34.14694,-116.27472,0713,266,199,-67,234,-32,363,97
JOSHUA TREE CA US,781.2,34.14694,-116.27472,0714,266,199,-67,234,-32,363,97
JOSHUA TREE CA US,781.2,34.14694,-116.27472,0715,266,199,-67,234,-32,363,97
JOSHUA TREE CA US,781.2,34.14694,-116.27472,0716,266,199,-67,234,-32,363,97
JOSHUA TREE CA US,781.2,34.14694,-116.27472,0717,266,199,-67,234,-32,363,97
JOSHUA TREE CA US,781.2,34.14694,-116.27472,0718,266,199,-67,234,-32,363,97
JOSHUA TREE CA US,781.2,34.14694,-116.27472,0719,266,199,-67,234,-32,363,97
JOSHUA TREE CA US,781.2,34.14694,-116.27472,0720,266,199,-67,234,-32,363,97
JOSHUA TREE CA US,781.2,34.14694,-116.27472,0721,266,229,-37,234,-32,363,97
JOSHUA TREE CA US,781.2,34.14694,-116.27472,0722,266,229,-37,234,-32,363,97
JOSHUA TREE CA US,781.2,34.14694,-116.27472,0723,266,229,-37,234,-32,363,97
JOSHUA TREE CA US,781.2,34.14694,-116.27472,0724,266,229,-37,234,-32,363,97
JOSHUA TREE CA US,781.2,34.14694,-116.27472,0725,266,229,-37,234,-32,363,97
JOSHUA TREE CA US,781.2,34.14694,-116.27472,0726,266,229,-37,234,-32,363,97
JOSHUA TREE CA US,781.2,34.14694,-116.27472,0727,266,351,85,234,-32,363,97
JOSHUA TREE CA US,781.2,34.14694,-116.27472,0728,266,351,85,234,-32,363,97
JOSHUA TREE CA US,781.2,34.14694,-116.27472,0729,266,351,85,234,-32,363,97
JOSHUA TREE CA US,781.2,34.14694,-116.27472,0730,266,351,85,234,-32,363,97
JOSHUA TREE CA US,781.2,34.14694,-116.27472,0731,290,351,61,234,-56,363,73
JOSHUA TREE CA US,781.2,34.14694,-116.27472,0801,290,351,61,234,-56,363,73
JOSHUA TREE CA US,781.2,34.14694,-116.27472,0802,290,351,61,234,-56,363,73
JOSHUA TREE CA US,781.2,34.14694,-116.27472,0803,290,351,61,247,-43,363,73
JOSHUA TREE CA US,781.2,34.14694,-116.27472,0804,290,351,61,247,-43,363,73
JOSHUA TREE CA US,781.2,34.14694,-116.27472,0805,290,351,61,247,-43,363,73
JOSHUA TREE CA US,781.2,34.14694,-116.27472,0806,290,351,61,247,-43,363,73
JOSHUA TREE CA US,781.2,34.14694,-116.27472,0807,290,351,61,247,-43,363,73
JOSHUA TREE CA US,781.2,34.14694,-116.27472,0808,292,351,59,247,-45,363,71
JOSHUA TREE CA US,781.2,34.14694,-116.27472,0809,295,351,56,247,-48,363,68
JOSHUA TREE CA US,781.2,34.14694,-116.27472,0810,297,351,54,247,-50,363,66
JOSHUA TREE CA US,781.2,34.14694,-116.27472,0811,299,351,52,247,-52,363,64
JOSHUA TREE CA US,781.2,34.14694,-116.27472,0812,301,351,50,252,-49,363,62
JOSHUA TREE CA US,781.2,34.14694,-116.27472,0813,304,351,47,290,-14,363,59
JOSHUA TREE CA US,781.2,34.14694,-116.27472,0814,306,351,45,290,-16,363,57
JOSHUA TREE CA US,781.2,34.14694,-116.27472,0815,308,351,43,290,-18,363,55
JOSHUA TREE CA US,781.2,34.14694,-116.27472,0816,311,351,40,290,-21,363,52
JOSHUA TREE CA US,781.2,34.14694,-116.27472,0817,313,351,38,290,-23,363,50
JOSHUA TREE CA US,781.2,34.14694,-116.27472,0818,315,351,36,290,-25,363,48
JOSHUA TREE CA US,781.2,34.14694,-116.27472,0819,318,351,33,290,-28,363,45
JOSHUA TREE CA US,781.2,34.14694,-116.27472,0820,320,351,31,290,-30,363,43
JOSHUA TREE CA US,781.2,34.14694,-116.27472,0821,322,351,29,310,-12,363,41
JOSHUA TREE CA US,781.2,34.14694,-116.27472,0822,324,351,27,315,-9,363,39
JOSHUA TREE CA US,781.2,34.14694,-116.27472,0823,327,351,24,315,-12,363,36
JOSHUA TREE CA US,781.2,34.14694,-116.27472,0824,329,351,22,315,-14,363,34
JOSHUA TREE CA US,781.2,34.14694,-116.27472,0825,331,351,20,315,-16,363,32
JOSHUA TREE CA US,781.2,34.14694,-116.27472,0826,334,354,20,315,-19,363,29
JOSHUA TREE CA US,781.2,34.14694,-116.27472,0827,336,463,127,315,-21,363,27
JOSHUA TREE CA US,781.2,34.14694,-116.27472,0828,338,463,125,315,-23,363,25
JOSHUA TREE CA US,781.2,34.14694,-116.27472,0829,340,463,123,315,-25,363,23
JOSHUA TREE CA US,781.2,34.14694,-116.27472,0830,343,631,288,315,-28,363,20
JOSHUA TREE CA US,781.2,34.14694,-116.27472,0831,345,631,286,315,-30,363,18
JOSHUA TREE CA US,781.2,34.14694,-116.27472,0901,347,631,284,315,-32,363,16
JOSHUA TREE CA US,781.2,34.14694,-116.27472,0902,349,631,282,315,-34,363,14
JOSHUA TREE CA US,781.2,34.14694,-116.27472,0903,352,631,279,315,-37,363,11
JOSHUA TREE CA US,781.2,34.14694,-116.27472,0904,354,631,277,315,-39,363,9
JOSHUA TREE CA US,781.2,34.14694,-116.27472,0905,356,631,275,315,-41,363,7
JOSHUA TREE CA US,781.2,34.14694,-116.27472,0906,356,631,275,315,-41,363,7
JOSHUA TREE CA US,781.2,34.14694,-116.27472,0907,356,631,275,315,-41,363,7
JOSHUA TREE CA US,781.2,34.14694,-116.27472,0908,356,656,300,356,0,363,7
JOSHUA TREE CA US,781.2,34.14694,-116.27472,0909,356,656,300,364,8,363,7
JOSHUA TREE CA US,781.2,34.14694,-116.27472,0910,356,656,300,364,8,363,7
JOSHUA TREE CA US,781.2,34.14694,-116.27472,0911,356,656,300,364,8,363,7
JOSHUA TREE CA US,781.2,34.14694,-116.27472,0912,356,656,300,364,8,363,7
JOSHUA TREE CA US,781.2,34.14694,-116.27472,0913,356,656,300,364,8,363,7
JOSHUA TREE CA US,781.2,34.14694,-116.27472,0914,356,656,300,364,8,363,7
JOSHUA TREE CA US,781.2,34.14694,-116.27472,0915,356,656,300,364,8,363,7
JOSHUA TREE CA US,781.2,34.14694,-116.27472,0916,356,656,300,364,8,363,7
JOSHUA TREE CA US,781.2,34.14694,-116.27472,0917,356,656,300,397,41,363,7
JOSHUA TREE CA US,781.2,34.14694,-116.27472,0918,357,656,299,397,40,363,6
JOSHUA TREE CA US,781.2,34.14694,-116.27472,0919,359,656,297,397,38,363,4
JOSHUA TREE CA US,781.2,34.14694,-116.27472,0920,360,656,296,397,37,363,3
JOSHUA TREE CA US,781.2,34.14694,-116.27472,0921,362,656,294,397,35,363,1
JOSHUA TREE CA US,781.2,34.14694,-116.27472,0922,364,656,292,397,33,363,-1
JOSHUA TREE CA US,781.2,34.14694,-116.27472,0923,366,656,290,397,31,363,-3
JOSHUA TREE CA US,781.2,34.14694,-116.27472,0924,368,656,288,397,29,363,-5
JOSHUA TREE CA US,781.2,34.14694,-116.27472,0925,370,656,286,397,27,363,-7
JOSHUA TREE CA US,781.2,34.14694,-116.27472,0926,372,656,284,397,25,363,-9
JOSHUA TREE CA US,781.2,34.14694,-116.27472,0927,373,656,283,397,24,363,-10
JOSHUA TREE CA US,781.2,34.14694,-116.27472,0928,375,656,281,397,22,363,-12
JOSHUA TREE CA US,781.2,34.14694,-116.27472,0929,377,656,279,397,20,363,-14
JOSHUA TREE CA US,781.2,34.14694,-116.27472,0930,379,656,277,397,18,363,-16
JOSHUA TREE CA US,781.2,34.14694,-116.27472,1001,379,656,277,397,18,363,-16
JOSHUA TREE CA US,781.2,34.14694,-116.27472,1002,380,656,276,397,17,363,-17
JOSHUA TREE CA US,781.2,34.14694,-116.27472,1003,380,656,276,397,17,363,-17
JOSHUA TREE CA US,781.2,34.14694,-116.27472,1004,381,656,275,397,16,363,-18
JOSHUA TREE CA US,781.2,34.14694,-116.27472,1005,381,656,275,397,16,363,-18
JOSHUA TREE CA US,781.2,34.14694,-116.27472,1006,383,656,273,397,14,363,-20
JOSHUA TREE CA US,781.2,34.14694,-116.27472,1007,385,656,271,397,12,363,-22
JOSHUA TREE CA US,781.2,34.14694,-116.27472,1008,386,656,270,397,11,363,-23
JOSHUA TREE CA US,781.2,34.14694,-116.27472,1009,388,656,268,397,9,363,-25
JOSHUA TREE CA US,781.2,34.14694,-116.27472,1010,389,656,267,397,8,363,-26
JOSHUA TREE CA US,781.2,34.14694,-116.27472,1011,391,656,265,397,6,363,-28
JOSHUA TREE CA US,781.2,34.14694,-116.27472,1012,393,656,263,397,4,363,-30
JOSHUA TREE CA US,781.2,34.14694,-116.27472,1013,394,656,262,397,3,363,-31
JOSHUA TREE CA US,781.2,34.14694,-116.27472,1014,396,656,260,397,1,363,-33
JOSHUA TREE CA US,781.2,34.14694,-116.27472,1015,397,656,259,397,0,363,-34
JOSHUA TREE CA US,781.2,34.14694,-116.27472,1016,399,656,257,397,-2,363,-36
JOSHUA TREE CA US,781.2,34.14694,-116.27472,1017,401,656,255,397,-4,363,-38
JOSHUA TREE CA US,781.2,34.14694,-116.27472,1018,402,656,254,397,-5,363,-39
JOSHUA TREE CA US,781.2,34.14694,-116.27472,1019,403,656,253,397,-6,363,-40
JOSHUA TREE CA US,781.2,34.14694,-116.27472,1020,404,656,252,397,-7,363,-41
JOSHUA TREE CA US,781.2,34.14694,-116.27472,1021,406,656,250,397,-9,363,-43
JOSHUA TREE CA US,781.2,34.14694,-116.27472,1022,407,656,249,397,-10,363,-44
JOSHUA TREE CA US,781.2,34.14694,-116.27472,1023,408,656,248,397,-11,363,-45
JOSHUA TREE CA US,781.2,34.14694,-116.27472,1024,409,656,247,397,-12,363,-46
JOSHUA TREE CA US,781.2,34.14694,-116.27472,1025,411,656,245,397,-14,363,-48
JOSHUA TREE CA US,781.2,34.14694,-116.27472,1026,412,656,244,397,-15,363,-49
JOSHUA TREE CA US,781.2,34.14694,-116.27472,1027,413,656,243,397,-16,363,-50
JOSHUA TREE CA US,781.2,34.14694,-116.27472,1028,414,656,242,397,-17,363,-51
JOSHUA TREE CA US,781.2,34.14694,-116.27472,1029,416,656,240,397,-19,363,-53
JOSHUA TREE CA US,781.2,34.14694,-116.27472,1030,417,656,239,397,-20,363,-54
JOSHUA TREE CA US,781.2,34.14694,-116.27472,1031,418,656,238,397,-21,363,-55
JOSHUA TREE CA US,781.2,34.14694,-116.27472,1101,419,656,237,397,-22,363,-56
JOSHUA TREE CA US,781.2,34.14694,-116.27472,1102,420,656,236,397,-23,363,-57
JOSHUA TREE CA US,781.2,34.14694,-116.27472,1103,420,656,236,397,-23,363,-57
JOSHUA TREE CA US,781.2,34.14694,-116.27472,1104,420,656,236,397,-23,363,-57
JOSHUA TREE CA US,781.2,34.14694,-116.27472,1105,420,656,236,397,-23,363,-57
JOSHUA TREE CA US,781.2,34.14694,-116.27472,1106,420,656,236,397,-23,363,-57
JOSHUA TREE CA US,781.2,34.14694,-116.27472,1107,421,656,235,397,-24,363,-58
JOSHUA TREE CA US,781.2,34.14694,-116.27472,1108,421,656,235,397,-24,363,-58
JOSHUA TREE CA US,781.2,34.14694,-116.27472,1109,421,656,235,397,-24,363,-58
JOSHUA TREE CA US,781.2,34.14694,-116.27472,1110,421,656,235,397,-24,363,-58
JOSHUA TREE CA US,781.2,34.14694,-116.27472,1111,421,656,235,397,-24,363,-58
JOSHUA TREE CA US,781.2,34.14694,-116.27472,1112,422,656,234,397,-25,363,-59
JOSHUA TREE CA US,781.2,34.14694,-116.27472,1113,423,656,233,397,-26,363,-60
JOSHUA TREE CA US,781.2,34.14694,-116.27472,1114,425,656,231,397,-28,363,-62
JOSHUA TREE CA US,781.2,34.14694,-116.27472,1115,428,656,228,397,-31,363,-65
JOSHUA TREE CA US,781.2,34.14694,-116.27472,1116,431,656,225,397,-34,363,-68
JOSHUA TREE CA US,781.2,34.14694,-116.27472,1117,434,656,222,397,-37,363,-71
JOSHUA TREE CA US,781.2,34.14694,-116.27472,1118,437,656,219,397,-40,363,-74
JOSHUA TREE CA US,781.2,34.14694,-116.27472,1119,440,656,216,397,-43,363,-77
JOSHUA TREE CA US,781.2,34.14694,-116.27472,1120,443,656,213,397,-46,363,-80
JOSHUA TREE CA US,781.2,34.14694,-116.27472,1121,446,656,210,397,-49,363,-83
JOSHUA TREE CA US,781.2,34.14694,-116.27472,1122,449,671,222,397,-52,363,-86
JOSHUA TREE CA US,781.2,34.14694,-116.27472,1123,452,740,288,397,-55,363,-89
JOSHUA TREE CA US,781.2,34.14694,-116.27472,1124,456,740,284,397,-59,363,-93
JOSHUA TREE CA US,781.2,34.14694,-116.27472,1125,461,740,279,397,-64,363,-98
JOSHUA TREE CA US,781.2,34.14694,-116.27472,1126,465,740,275,397,-68,363,-102
JOSHUA TREE CA US,781.2,34.14694,-116.27472,1127,469,740,271,397,-72,363,-106
JOSHUA TREE CA US,781.2,34.14694,-116.27472,1128,473,740,267,397,-76,363,-110
JOSHUA TREE CA US,781.2,34.14694,-116.27472,1129,478,740,262,397,-81,363,-115
JOSHUA TREE CA US,781.2,34.14694,-116.27472,1130,482,740,258,397,-85,363,-119
JOSHUA TREE CA US,781.2,34.14694,-116.27472,1201,483,740,257,397,-86,363,-120
JOSHUA TREE CA US,781.2,34.14694,-116.27472,1202,483,740,257,397,-86,363,-120
JOSHUA TREE CA US,781.2,34.14694,-116.27472,1203,484,740,256,412,-72,363,-121
JOSHUA TREE CA US,781.2,34.14694,-116.27472,1204,485,740,255,460,-25,363,-122
JOSHUA TREE CA US,781.2,34.14694,-116.27472,1205,486,740,254,460,-26,363,-123
JOSHUA TREE CA US,781.2,34.14694,-116.27472,1206,486,740,254,465,-21,363,-123
JOSHUA TREE CA US,781.2,34.14694,-116.27472,1207,487,740,253,465,-22,363,-124
JOSHUA TREE CA US,781.2,34.14694,-116.27472,1208,489,740,251,465,-24,363,-126
JOSHUA TREE CA US,781.2,34.14694,-116.27472,1209,490,740,250,465,-25,363,-127
JOSHUA TREE CA US,781.2,34.14694,-116.27472,1210,491,740,249,465,-26,363,-128
JOSHUA TREE CA US,781.2,34.14694,-116.27472,1211,493,740,247,465,-28,363,-130
JOSHUA TREE CA US,781.2,34.14694,-116.27472,1212,494,740,246,465,-29,363,-131
JOSHUA TREE CA US,781.2,34.14694,-116.27472,1213,495,765,270,478,-17,363,-132
JOSHUA TREE CA US,781.2,34.14694,-116.27472,1214,496,765,269,478,-18,363,-133
JOSHUA TREE CA US,781.2,34.14694,-116.27472,1215,497,765,268,478,-19,363,-134
JOSHUA TREE CA US,781.2,34.14694,-116.27472,1216,498,765,267,478,-20,363,-135
JOSHUA TREE CA US,781.2,34.14694,-116.27472,1217,499,765,266,483,-16,363,-136
JOSHUA TREE CA US,781.2,34.14694,-116.27472,1218,500,765,265,486,-14,363,-137
JOSHUA TREE CA US,781.2,34.14694,-116.27472,1219,501,765,264,486,-15,363,-138
JOSHUA TREE CA US,781.2,34.14694,-116.27472,1220,502,879,377,486,-16,363,-139
JOSHUA TREE CA US,781.2,34.14694,-116.27472,1221,503,879,376,486,-17,363,-140
JOSHUA TREE CA US,781.2,34.14694,-116.27472,1222,504,879,375,486,-18,363,-141
JOSHUA TREE CA US,781.2,34.14694,-116.27472,1223,505,879,374,486,-19,363,-142
JOSHUA TREE CA US,781.2,34.14694,-116.27472,1224,505,879,374,486,-19,363,-142
JOSHUA TREE CA US,781.2,34.14694,-116.27472,1225,506,879,373,486,-20,363,-143
JOSHUA TREE CA US,781.2,34.14694,-116.27472,1226,507,879,372,486,-21,363,-144
JOSHUA TREE CA US,781.2,34.14694,-116.27472,1227,508,879,371,486,-22,363,-145
JOSHUA TREE CA US,781.2,34.14694,-116.27472,1228,509,879,370,486,-23,363,-146
JOSHUA TREE CA US,781.2,34.14694,-116.27472,1229,509,879,370,486,-23,363,-146
JOSHUA TREE CA US,781.2,34.14694,-116.27472,1230,510,879,369,486,-24,363,-147
JOSHUA TREE CA US,781.2,34.14694,-116.27472,1231,511,879,368,486,-25,363,-148
DUNSMUIR TRTMNT PLANT CA US,661.4,41.1833,-122.2736,0101,34,0,-34,0,-34,0,-34
DUNSMUIR TRTMNT PLANT CA US,661.4,41.1833,-122.2736,0102,69,0,-69,0,-69,0,-69
DUNSMUIR TRTMNT PLANT CA US,661.4,41.1833,-122.2736,0103,104,0,-104,0,-104,0,-104
DUNSMUIR TRTMNT PLANT CA US,661.4,41.1833,-122.2736,0104,138,0,-138,0,-138,0,-138
DUNSMUIR TRTMNT PLANT CA US,661.4,41.1833,-122.2736,0105,173,0,-173,0,-173,0,-173
DUNSMUIR TRTMNT PLANT CA US,661.4,41.1833,-122.2736,0106,208,25,-183,0,-208,0,-208
DUNSMUIR TRTMNT PLANT CA US,661.4,41.1833,-122.2736,0107,244,33,-211,0,-244,0,-244
DUNSMUIR TRTMNT PLANT CA US,661.4,41.1833,-122.2736,0108,281,33,-248,0,-281,0,-281
DUNSMUIR TRTMNT PLANT CA US,661.4,41.1833,-122.2736,0109,319,38,-281,0,-319,0,-319
DUNSMUIR TRTMNT PLANT CA US,661.4,41.1833,-122.2736,0110,357,109,-248,0,-357,0,-357
DUNSMUIR TRTMNT PLANT CA US,661.4,41.1833,-122.2736,0111,396,109,-287,58,-338,0,-396
DUNSMUIR TRTMNT PLANT CA US,661.4,41.1833,-122.2736,0112,434,109,-325,109,-325,0,-434
DUNSMUIR TRTMNT PLANT CA US,661.4,41.1833,-122.2736,0113,472,109,-363,109,-363,0,-472
DUNSMUIR TRTMNT PLANT CA US,661.4,41.1833,-122.2736,0114,509,109,-400,109,-400,0,-509
DUNSMUIR TRTMNT PLANT CA US,661.4,41.1833,-122.2736,0115,546,109,-437,109,-437,0,-546
DUNSMUIR TRTMNT PLANT CA US,661.4,41.1833,-122.2736,0116,583,109,-474,109,-474,178,-405
DUNSMUIR TRTMNT PLANT CA US,661.4,41.1833,-122.2736,0117,619,109,-510,109,-510,229,-390
DUNSMUIR TRTMNT PLANT CA US,661.4,41.1833,-122.2736,0118,655,109,-546,109,-546,458,-197
DUNSMUIR TRTMNT PLANT CA US,661.4,41.1833,-122.2736,0119,691,109,-582,109,-582,471,-220
DUNSMUIR TRTMNT PLANT CA US,661.4,41.1833,-122.2736,0120,728,109,-619,109,-619,471,-257
DUNSMUIR TRTMNT PLANT CA US,661.4,41.1833,-122.2736,0121,763,109,-654,109,-654,471,-292
DUNSMUIR TRTMNT PLANT CA US,661.4,41.1833,-122.2736,0122,798,109,-689,109,-689,471,-327
DUNSMUIR TRTMNT PLANT CA US,661.4,41.1833,-122.2736,0123,834,112,-722,109,-725,471,-363
DUNSMUIR TRTMNT PLANT CA US,661.4,41.1833,-122.2736,0124,869,358,-511,109,-760,471,-398
DUNSMUIR TRTMNT PLANT CA US,661.4,41.1833,-122.2736,0125,904,434,-470,109,-795,471,-433
DUNSMUIR TRTMNT PLANT CA US,661.4,41.1833,-122.2736,0126,939,477,-462,109,-830,471,-468
DUNSMUIR TRTMNT PLANT CA US,661.4,41.1833,-122.2736,0127,974,477,-497,109,-865,471,-503
DUNSMUIR TRTMNT PLANT CA US,661.4,41.1833,-122.2736,0128,1008,482,-526,114,-894,471,-537
DUNSMUIR TRTMNT PLANT CA US,661.4,41.1833,-122.2736,0129,1043,485,-558,122,-921,471,-572
DUNSMUIR TRTMNT PLANT CA US,661.4,41.1833,-122.2736,0130,1078,485,-593,155,-923,471,-607
DUNSMUIR TRTMNT PLANT CA US,661.4,41.1833,-122.2736,0131,1113,485,-628,155,-958,471,-642
DUNSMUIR TRTMNT PLANT CA US,661.4,41.1833,-122.2736,0201,1149,485,-664,155,-994,471,-678
DUNSMUIR TRTMNT PLANT CA US,661.4,41.1833,-122.2736,0202,1187,485,-702,155,-1032,636,-551
DUNSMUIR TRTMNT PLANT CA US,661.4,41.1833,-122.2736,0203,1223,485,-738,155,-1068,760,-463
DUNSMUIR TRTMNT PLANT CA US,661.4,41.1833,-122.2736,0204,1261,485,-776,155,-1106,760,-501
DUNSMUIR TRTMNT PLANT CA US,661.4,41.1833,-122.2736,0205,1298,485,-813,155,-1143,760,-538
DUNSMUIR TRTMNT PLANT CA US,661.4,41.1833,-122.2736,0206,1336,485,-851,163,-1173,1268,-68
DUNSMUIR TRTMNT PLANT CA US,661.4,41.1833,-122.2736,0207,1373,485,-888,351,-1022,2693,1320
DUNSMUIR TRTMNT PLANT CA US,661.4,41.1833,-122.2736,0208,1410,571,-839,867,-543,2924,1514
DUNSMUIR TRTMNT PLANT CA US,661.4,41.1833,-122.2736,0209,1446,571,-875,1045,-401,3592,2146
DUNSMUIR TRTMNT PLANT CA US,661.4,41.1833,-122.2736,0210,1482,571,-911,1218,-264,3630,2148
DUNSMUIR TRTMNT PLANT CA US,661.4,41.1833,-122.2736,0211,1517,571,-946,1218,-299,3630,2113
DUNSMUIR TRTMNT PLANT CA US,661.4,41.1833,-122.2736,0212,1552,571,-981,1218,-334,3630,2078
DUNSMUIR TRTMNT PLANT CA US,661.4,41.1833,-122.2736,0213,1586,571,-1015,1530,-56,3630,2044
DUNSMUIR TRTMNT PLANT CA US,661.4,41.1833,-122.2736,0214,1622,571,-1051,1766,144,3630,2008
DUNSMUIR TRTMNT PLANT CA US,661.4,41.1833,-122.2736,0215,1658,571,-1087,2114,456,3630,1972
DUNSMUIR TRTMNT PLANT CA US,661.4,41.1833,-122.2736,0216,1694,571,-1123,2327,633,3630,1936
DUNSMUIR TRTMNT PLANT CA US,661.4,41.1833,-122.2736,0217,1732,571,-1161,2327,595,3630,1898
DUNSMUIR TRTMNT PLANT CA US,661.4,41.1833,-122.2736,0218,1770,571,-1199,2327,557,3630,1860
DUNSMUIR TRTMNT PLANT CA US,661.4,41.1833,-122.2736,0219,1808,607,-1201,2352,544,3630,1822
DUNSMUIR TRTMNT PLANT CA US,661.4,41.1833,-122.2736,0220,1846,607,-1239,2352,506,3630,1784
DUNSMUIR TRTMNT PLANT CA US,661.4,41.1833,-122.2736,0221,1883,607,-1276,2352,469,3630,1747
DUNSMUIR TRTMNT PLANT CA US,661.4,41.1833,-122.2736,0222,1920,607,-1313,2352,432,3630,1710
DUNSMUIR TRTMNT PLANT CA US,661.4,41.1833,-122.2736,0223,1958,607,-1351,2352,394,3630,1672
DUNSMUIR TRTMNT PLANT CA US,661.4,41.1833,-122.2736,0224,1996,607,-1389,2352,356,3630,1634
DUNSMUIR TRTMNT PLANT CA US,661.4,41.1833,-122.2736,0225,2034,607,-1427,2352,318,3630,1596
DUNSMUIR TRTMNT PLANT CA US,661.4,41.1833,-122.2736,0226,2071,607,-1464,2352,281,3630,1559
DUNSMUIR TRTMNT PLANT CA US,661.4,41.1833,-122.2736,0227,2108,607,-1501,2931,823,3630,1522
DUNSMUIR TRTMNT PLANT CA US,661.4,41.1833,-122.2736,0228,2145,607,-1538,3261,1116,3650,1505
DUNSMUIR TRTMNT PLANT CA US,661.4,41.1833,-122.2736,0301,2184,607,-1577,3393,1209,3650,1466
DUNSMUIR TRTMNT PLANT CA US,661.4,41.1833,-122.2736,0302,2224,607,-1617,3530,1306,3650,1426
DUNSMUIR TRTMNT PLANT CA US,661.4,41.1833,-122.2736,0303,2261,607,-1654,3957,1696,3650,1389
DUNSMUIR TRTMNT PLANT CA US,661.4,41.1833,-122.2736,0304,2298,607,-1691,4059,1761,3650,1352
DUNSMUIR TRTMNT PLANT CA US,661.4,41.1833,-122.2736,0305,2334,637,-1697,4097,1763,3650,1316
DUNSMUIR TRTMNT PLANT CA US,661.4,41.1833,-122.2736,0306,2369,1145,-1224,4605,2236,3650,1281
DUNSMUIR TRTMNT PLANT CA US,661.4,41.1833,-122.2736,0307,2402,1226,-1176,4625,2223,3650,1248
DUNSMUIR TRTMNT PLANT CA US,661.4,41.1833,-122.2736,0308,2436,1226,-1210,4625,2189,3650,1214
DUNSMUIR TRTMNT PLANT CA US,661.4,41.1833,-122.2736,0309,2470,1226,-1244,4711,2241,3650,1180
DUNSMUIR TRTMNT PLANT CA US,661.4,41.1833,-122.2736,0310,2504,1226,-1278,4975,2471,3650,1146
DUNSMUIR TRTMNT PLANT CA US,661.4,41.1833,-122.2736,0311,2538,1226,-1312,4975,2437,3683,1145
DUNSMUIR TRTMNT PLANT CA US,661.4,41.1833,-122.2736,0312,2572,1226,-1346,4975,2403,3716,1144
DUNSMUIR TRTMNT PLANT CA US,661.4,41.1833,-122.2736,0313,2605,1226,-1379,4975,2370,3716,1111
DUNSMUIR TRTMNT PLANT CA US,661.4,41.1833,-122.2736,0314,2637,1226,-1411,4975,2338,3716,1079
DUNSMUIR TRTMNT PLANT CA US,661.4,41.1833,-122.2736,0315,2669,1226,-1443,4975,2306,3731,1062
DUNSMUIR TRTMNT PLANT CA US,661.4,41.1833,-122.2736,0316,2699,1226,-1473,4975,2276,3858,1159
DUNSMUIR TRTMNT PLANT CA US,661.4,41.1833,-122.2736,0317,2728,1226,-1502,4975,2247,3886,1158
DUNSMUIR TRTMNT PLANT CA US,661.4,41.1833,-122.2736,0318,2756,1226,-1530,4975,2219,3886,1130
DUNSMUIR TRTMNT PLANT CA US,661.4,41.1833,-122.2736,0319,2783,1226,-1557,4975,2192,3886,1103
DUNSMUIR TRTMNT PLANT CA US,661.4,41.1833,-122.2736,0320,2809,1488,-1321,4975,2166,3886,1077
DUNSMUIR TRTMNT PLANT CA US,661.4,41.1833,-122.2736,0321,2835,1488,-1347,4975,2140,3889,1054
DUNSMUIR TRTMNT PLANT CA US,661.4,41.1833,-122.2736,0322,2860,1488,-1372,4975,2115,3947,1087
DUNSMUIR TRTMNT PLANT CA US,661.4,41.1833,-122.2736,0323,2884,1488,-1396,4975,2091,4153,1269
DUNSMUIR TRTMNT PLANT CA US,661.4,41.1833,-122.2736,0324,2907,1488,-1419,4975,2068,4163,1256
DUNSMUIR TRTMNT PLANT CA US,661.4,41.1833,-122.2736,0325,2929,1488,-1441,4975,2046,4163,1234
DUNSMUIR TRTMNT PLANT CA US,661.4,41.1833,-122.2736,0326,2951,1574,-1377,5094,2143,4163,1212
DUNSMUIR TRTMNT PLANT CA US,661.4,41.1833,-122.2736,0327,2972,1589,-1383,5244,2272,4163,1191
DUNSMUIR TRTMNT PLANT CA US,661.4,41.1833,-122.2736,0328,2992,1665,-1327,5363,2371,4163,1171
DUNSMUIR TRTMNT PLANT CA US,661.4,41.1833,-122.2736,0329,3012,1665,-1347,6016,3004,4163,1151
DUNSMUIR TRTMNT PLANT CA US,661.4,41.1833,-122.2736,0330,3032,1690,-1342,6021,2989,4163,1131
DUNSMUIR TRTMNT PLANT CA US,661.4,41.1833,-122.2736,0331,3050,1893,-1157,6123,3073,4163,1113
DUNSMUIR TRTMNT PLANT CA US,661.4,41.1833,-122.2736,0401,3068,1918,-1150,6334,3266,4163,1095
DUNSMUIR TRTMNT PLANT CA US,661.4,41.1833,-122.2736,0402,3086,1938,-1148,6334,3248,4163,1077
DUNSMUIR TRTMNT PLANT CA US,661.4,41.1833,-122.2736,0403,3105,1938,-1167,6334,3229,4163,1058
DUNSMUIR TRTMNT PLANT CA US,661.4,41.1833,-122.2736,0404,3123,1986,-1137,6639,3516,4163,1040
DUNSMUIR TRTMNT PLANT CA US,661.4,41.1833,-122.2736,0405,3141,2156,-985,6639,3498,4183,1042
DUNSMUIR TRTMNT PLANT CA US,661.4,41.1833,-122.2736,0406,3158,2227,-931,6639,3481,4183,1025
DUNSMUIR TRTMNT PLANT CA US,661.4,41.1833,-122.2736,0407,3174,2252,-922,6639,3465,4183,1009
DUNSMUIR TRTMNT PLANT CA US,661.4,41.1833,-122.2736,0408,3189,2257,-932,6639,3450,4183,994
DUNSMUIR TRTMNT PLANT CA US,661.4,41.1833,-122.2736,0409,3205,2257,-948,6639,3434,4183,978
DUNSMUIR TRTMNT PLANT CA US,661.4,41.1833,-122.2736,0410,3220,2257,-963,6639,3419,4183,963
DUNSMUIR TRTMNT PLANT CA US,661.4,41.1833,-122.2736,0411,3234,2257,-977,6639,3405,4183,949
DUNSMUIR TRTMNT PLANT CA US,661.4,41.1833,-122.2736,0412,3249,2257,-992,6639,3390,4183,934
DUNSMUIR TRTMNT PLANT CA US,661.4,41.1833,-122.2736,0413,3263,2257,-1006,6639,3376,4183,920
DUNSMUIR TRTMNT PLANT CA US,661.4,41.1833,-122.2736,0414,3278,2257,-1021,6639,3361,4183,905
DUNSMUIR TRTMNT PLANT CA US,661.4,41.1833,-122.2736,0415,3292,2257,-1035,6639,3347,4183,891
DUNSMUIR TRTMNT PLANT CA US,661.4,41.1833,-122.2736,0416,3306,2257,-1049,6639,3333,4183,877
DUNSMUIR TRTMNT PLANT CA US,661.4,41.1833,-122.2736,0417,3320,2257,-1063,6639,3319,4183,863
DUNSMUIR TRTMNT PLANT CA US,661.4,41.1833,-122.2736,0418,3334,2257,-1077,6675,3341,4183,849
DUNSMUIR TRTMNT PLANT CA US,661.4,41.1833,-122.2736,0419,3349,2257,-1092,6675,3326,4183,834
DUNSMUIR TRTMNT PLANT CA US,661.4,41.1833,-122.2736,0420,3363,2257,-1106,6675,3312,4183,820
DUNSMUIR TRTMNT PLANT CA US,661.4,41.1833,-122.2736,0421,3377,2257,-1120,6675,3298,4183,806
DUNSMUIR TRTMNT PLANT CA US,661.4,41.1833,-122.2736,0422,3391,2257,-1134,6711,3320,4183,792
DUNSMUIR TRTMNT PLANT CA US,661.4,41.1833,-122.2736,0423,3405,2257,-1148,6711,3306,4183,778
DUNSMUIR TRTMNT PLANT CA US,661.4,41.1833,-122.2736,0424,3419,2257,-1162,6711,3292,4183,764
DUNSMUIR TRTMNT PLANT CA US,661.4,41.1833,-122.2736,0425,3433,2257,-1176,6711,3278,4183,750
DUNSMUIR TRTMNT PLANT CA US,661.4,41.1833,-122.2736,0426,3446,2257,-1189,6711,3265,4183,737
DUNSMUIR TRTMNT PLANT CA US,661.4,41.1833,-122.2736,0427,3458,2257,-1201,6800,3342,4183,725
DUNSMUIR TRTMNT PLANT CA US,661.4,41.1833,-122.2736,0428,3470,2257,-1213,6803,3333,4183,713
DUNSMUIR TRTMNT PLANT CA US,661.4,41.1833,-122.2736,0429,3482,2257,-1225,6803,3321,4183,701
DUNSMUIR TRTMNT PLANT CA US,661.4,41.1833,-122.2736,0430,3493,2257,-1236,6803,3310,4183,690
DUNSMUIR TRTMNT PLANT CA US,661.4,41.1833,-122.2736,0501,3504,2257,-1247,6803,3299,4183,679
DUNSMUIR TRTMNT PLANT CA US,661.4,41.1833,-122.2736,0502,3514,2257,-1257,6803,3289,4183,669
DUNSMUIR TRTMNT PLANT CA US,661.4,41.1833,-122.2736,0503,3524,2257,-1267,6803,3279,4183,659
DUNSMUIR TRTMNT PLANT CA US,661.4,41.1833,-122.2736,0504,3535,2257,-1278,6803,3268,4183,648
DUNSMUIR TRTMNT PLANT CA US,661.4,41.1833,-122.2736,0505,3545,2257,-1288,6803,3258,4183,638
DUNSMUIR TRTMNT PLANT CA US,661.4,41.1833,-122.2736,0506,3556,2267,-1289,6803,3247,4183,627
DUNSMUIR TRTMNT PLANT CA US,661.4,41.1833,-122.2736,0507,3566,2369,-1197,6803,3237,4183,617
DUNSMUIR TRTMNT PLANT CA US,661.4,41.1833,-122.2736,0508,3577,2389,-1188,6803,3226,4183,606
DUNSMUIR TRTMNT PLANT CA US,661.4,41.1833,-122.2736,0509,3587,2425,-1162,6874,3287,4183,596
DUNSMUIR TRTMNT PLANT CA US,661.4,41.1833,-122.2736,0510,3598,2425,-1173,6874,3276,4183,585
DUNSMUIR TRTMNT PLANT CA US,661.4,41.1833,-122.2736,0511,3608,2425,-1183,6874,3266,4183,575
DUNSMUIR TRTMNT PLANT CA US,661.4,41.1833,-122.2736,0512,3619,2425,-1194,6874,3255,4183,564
DUNSMUIR TRTMNT PLANT CA US,661.4,41.1833,-122.2736,0513,3629,2425,-1204,6874,3245,4183,554
DUNSMUIR TRTMNT PLANT CA US,661.4,41.1833,-122.2736,0514,3640,2425,-1215,6874,3234,4183,543
DUNSMUIR TRTMNT PLANT CA US,661.4,41.1833,-122.2736,0515,3650,2425,-1225,6874,3224,4183,533
DUNSMUIR TRTMNT PLANT CA US,661.4,41.1833,-122.2736,0516,3661,2425,-1236,6874,3213,4183,522
DUNSMUIR TRTMNT PLANT CA US,661.4,41.1833,-122.2736,0517,3671,2425,-1246,6874,3203,4183,512
DUNSMUIR TRTMNT PLANT CA US,661.4,41.1833,-122.2736,0518,3681,2425,-1256,6874,3193,4183,502
DUNSMUIR TRTMNT PLANT CA US,661.4,41.1833,-122.2736,0519,3690,2425,-1265,6894,3204,4183,493
DUNSMUIR TRTMNT PLANT CA US,661.4,41.1833,-122.2736,0520,3700,2425,-1275,6907,3207,4183,483
DUNSMUIR TRTMNT PLANT CA US,661.4,41.1833,-122.2736,0521,3709,2425,-1284,6907,3198,4183,474
DUNSMUIR TRTMNT PLANT CA US,661.4,41.1833,-122.2736,0522,3718,2425,-1293,6907,3189,4183,465
DUNSMUIR TRTMNT PLANT CA US,661.4,41.1833,-122.2736,0523,3727,2425,-1302,6907,3180,4183,456
DUNSMUIR TRTMNT PLANT CA US,661.4,41.1833,-122.2736,0524,3736,2425,-1311,6907,3171,4183,447
DUNSMUIR TRTMNT PLANT CA US,661.4,41.1833,-122.2736,0525,3745,2425,-1320,6907,3162,4183,438
DUNSMUIR TRTMNT PLANT CA US,661.4,41.1833,-122.2736,0526,3754,2425,-1329,6907,3153,4183,429
DUNSMUIR TRTMNT PLANT CA US,661.4,41.1833,-122.2736,0527,3763,2440,-1323,6907,3144,4183,420
DUNSMUIR TRTMNT PLANT CA US,661.4,41.1833,-122.2736,0528,3772,2529,-1243,6907,3135,4183,411
DUNSMUIR TRTMNT PLANT CA US,661.4,41.1833,-122.2736,0529,3780,2529,-1251,6907,3127,4183,403
DUNSMUIR TRTMNT PLANT CA US,661.4,41.1833,-122.2736,0530,3789,2529,-1260,6907,3118,4183,394
DUNSMUIR TRTMNT PLANT CA US,661.4,41.1833,-122.2736,0531,3797,2529,-1268,6907,3110,4183,386
DUNSMUIR TRTMNT PLANT CA US,661.4,41.1833,-122.2736,0601,3804,2529,-1275,6907,3103,4183,379
DUNSMUIR TRTMNT PLANT CA US,661.4,41.1833,-122.2736,0602,3811,2529,-1282,6907,3096,4183,372
DUNSMUIR TRTMNT PLANT CA US,661.4,41.1833,-122.2736,0603,3818,2529,-1289,6907,3089,4183,365
DUNSMUIR TRTMNT PLANT CA US,661.4,41.1833,-122.2736,0604,3824,2529,-1295,6907,3083,4183,359
DUNSMUIR TRTMNT PLANT CA US,661.4,41.1833,-122.2736,0605,3830,2529,-1301,6907,3077,4183,353
DUNSMUIR TRTMNT PLANT CA US,661.4,41.1833,-122.2736,0606,3835,2529,-1306,6907,3072,4183,348
DUNSMUIR TRTMNT PLANT CA US,661.4,41.1833,-122.2736,0607,3840,2529,-1311,6907,3067,4183,343
DUNSMUIR TRTMNT PLANT CA US,661.4,41.1833,-122.2736,0608,3845,2529,-1316,6907,3062,4183,338
DUNSMUIR TRTMNT PLANT CA US,661.4,41.1833,-122.2736,0609,3850,2529,-1321,6907,3057,4183,333
DUNSMUIR TRTMNT PLANT CA US,661.4,41.1833,-122.2736,0610,3854,2529,-1325,6907,3053,4183,329
DUNSMUIR TRTMNT PLANT CA US,661.4,41.1833,-122.2736,0611,3858,2529,-1329,6907,3049,4183,325
DUNSMUIR TRTMNT PLANT CA US,661.4,41.1833,-122.2736,0612,3862,2529,-1333,6907,3045,4183,321
DUNSMUIR TRTMNT PLANT CA US,661.4,41.1833,-122.2736,0613,3866,2529,-1337,6907,3041,4183,317
DUNSMUIR TRTMNT PLANT CA US,661.4,41.1833,-122.2736,0614,3870,2529,-1341,6907,3037,4183,313
DUNSMUIR TRTMNT PLANT CA US,661.4,41.1833,-122.2736,0615,3874,2529,-1345,6907,3033,4183,309
DUNSMUIR TRTMNT PLANT CA US,661.4,41.1833,-122.2736,0616,3878,2529,-1349,6907,3029,4183,305
DUNSMUIR TRTMNT PLANT CA US,661.4,41.1833,-122.2736,0617,3881,2529,-1352,6907,3026,4183,302
DUNSMUIR TRTMNT PLANT CA US,661.4,41.1833,-122.2736,0618,3885,2529,-1356,6907,3022,4183,298
DUNSMUIR TRTMNT PLANT CA US,661.4,41.1833,-122.2736,0619,3888,2529,-1359,6907,3019,4183,295
DUNSMUIR TRTMNT PLANT CA US,661.4,41.1833,-122.2736,0620,3891,2529,-1362,6907,3016,4183,292
DUNSMUIR TRTMNT PLANT CA US,661.4,41.1833,-122.2736,0621,3894,2529,-1365,6907,3013,4183,289
DUNSMUIR TRTMNT PLANT CA US,661.4,41.1833,-122.2736,0622,3897,2529,-1368,6907,3010,4183,286
DUNSMUIR TRTMNT PLANT CA US,661.4,41.1833,-122.2736,0623,3900,2529,-1371,6907,3007,4183,283
DUNSMUIR TRTMNT PLANT CA US,661.4,41.1833,-122.2736,0624,3903,2549,-1354,6907,3004,4183,280
DUNSMUIR TRTMNT PLANT CA US,661.4,41.1833,-122.2736,0625,3905,2778,-1127,6907,3002,4183,278
DUNSMUIR TRTMNT PLANT CA US,661.4,41.1833,-122.2736,0626,3908,3164,-744,6907,2999,4183,275
DUNSMUIR TRTMNT PLANT CA US,661.4,41.1833,-122.2736,0627,3910,3182,-728,6907,2997,4183,273
DUNSMUIR TRTMNT PLANT CA US,661.4,41.1833,-122.2736,0628,3913,3182,-731,6907,2994,4183,270
DUNSMUIR TRTMNT PLANT CA US,661.4,41.1833,-122.2736,0629,3915,3182,-733,6907,2992,4183,268
DUNSMUIR TRTMNT PLANT CA US,661.4,41.1833,-122.2736,0630,3917,3182,-735,6907,2990,4183,266
DUNSMUIR TRTMNT PLANT CA US,661.4,41.1833,-122.2736,0701,3918,3182,-736,6907,2989,4183,265
DUNSMUIR TRTMNT PLANT CA US,661.4,41.1833,-122.2736,0702,3919,3182,-737,6907,2988,4183,264
DUNSMUIR TRTMNT PLANT CA US,661.4,41.1833,-122.2736,0703,3921,3182,-739,6907,2986,4183,262
DUNSMUIR TRTMNT PLANT CA US,661.4,41.1833,-122.2736,0704,3922,3182,-740,6907,2985,4183,261
DUNSMUIR TRTMNT PLANT CA US,661.4,41.1833,-122.2736,0705,3923,3182,-741,6907,2984,4183,260
DUNSMUIR TRTMNT PLANT CA US,661.4,41.1833,-122.2736,0706,3924,3182,-742,6907,2983,4183,259
DUNSMUIR TRTMNT PLANT CA US,661.4,41.1833,-122.2736,0707,3925,3182,-743,6907,2982,4183,258
DUNSMUIR TRTMNT PLANT CA US,661.4,41.1833,-122.2736,0708,3926,3182,-744,6907,2981,4183,257
DUNSMUIR TRTMNT PLANT CA US,661.4,41.1833,-122.2736,0709,3927,3182,-745,6907,2980,4183,256
DUNSMUIR TRTMNT PLANT CA US,661.4,41.1833,-122.2736,0710,3928,3182,-746,6907,2979,4183,255
DUNSMUIR TRTMNT PLANT CA US,661.4,41.1833,-122.2736,0711,3929,3182,-747,6907,2978,4183,254
DUNSMUIR TRTMNT PLANT CA US,661.4,41.1833,-122.2736,0712,3930,3182,-748,6907,2977,4183,253
DUNSMUIR TRTMNT PLANT CA US,661.4,41.1833,-122.2736,0713,3931,3182,-749,6907,2976,4183,252
DUNSMUIR TRTMNT PLANT CA US,661.4,41.1833,-122.2736,0714,3931,3182,-749,6907,2976,4183,252
DUNSMUIR TRTMNT PLANT CA US,661.4,41.1833,-122.2736,0715,3932,3182,-750,6907,2975,4183,251
DUNSMUIR TRTMNT PLANT CA US,661.4,41.1833,-122.2736,0716,3932,3182,-750,6907,2975,4183,251
DUNSMUIR TRTMNT PLANT CA US,661.4,41.1833,-122.2736,0717,3933,3182,-751,6910,2977,4183,250
DUNSMUIR TRTMNT PLANT CA US,661.4,41.1833,-122.2736,0718,3933,3182,-751,6910,2977,4183,250
DUNSMUIR TRTMNT PLANT CA US,661.4,41.1833,-122.2736,0719,3933,3182,-751,6910,2977,4183,250
DUNSMUIR TRTMNT PLANT CA US,661.4,41.1833,-122.2736,0720,3934,3182,-752,6910,2976,4183,249
DUNSMUIR TRTMNT PLANT CA US,661.4,41.1833,-122.2736,0721,3934,3182,-752,6910,2976,4183,249
DUNSMUIR TRTMNT PLANT CA US,661.4,41.1833,-122.2736,0722,3935,3182,-753,6910,2975,4183,248
DUNSMUIR TRTMNT PLANT CA US,661.4,41.1833,-122.2736,0723,3935,3182,-753,6910,2975,4183,248
DUNSMUIR TRTMNT PLANT CA US,661.4,41.1833,-122.2736,0724,3936,3182,-754,6910,2974,4183,247
DUNSMUIR TRTMNT PLANT CA US,661.4,41.1833,-122.2736,0725,3936,3182,-754,6910,2974,4183,247
DUNSMUIR TRTMNT PLANT CA US,661.4,41.1833,-122.2736,0726,3937,3182,-755,6910,2973,4183,246
DUNSMUIR TRTMNT PLANT CA US,661.4,41.1833,-122.2736,0727,3937,3190,-747,6910,2973,4183,246
DUNSMUIR TRTMNT PLANT CA US,661.4,41.1833,-122.2736,0728,3938,3190,-748,6910,2972,4183,245
DUNSMUIR TRTMNT PLANT CA US,661.4,41.1833,-122.2736,0729,3938,3190,-748,6910,2972,4183,245
DUNSMUIR TRTMNT PLANT CA US,661.4,41.1833,-122.2736,0730,3939,3190,-749,6910,2971,4183,244
DUNSMUIR TRTMNT PLANT CA US,661.4,41.1833,-122.2736,0731,3939,3190,-749,6910,2971,4183,244
DUNSMUIR TRTMNT PLANT CA US,661.4,41.1833,-122.2736,0801,3940,3190,-750,6910,2970,4183,243
DUNSMUIR TRTMNT PLANT CA US,661.4,41.1833,-122.2736,0802,3940,3190,-750,6910,2970,4183,243
DUNSMUIR TRTMNT PLANT CA US,661.4,41.1833,-122.2736,0803,3941,3190,-751,6910,2969,4183,242
DUNSMUIR TRTMNT PLANT CA US,661.4,41.1833,-122.2736,0804,3941,3190,-751,6910,2969,4183,242
DUNSMUIR TRTMNT PLANT CA US,661.4,41.1833,-122.2736,0805,3942,3190,-752,6940,2998,4183,241
DUNSMUIR TRTMNT PLANT CA US,661.4,41.1833,-122.2736,0806,3943,3190,-753,6950,3007,4183,240
DUNSMUIR TRTMNT PLANT CA US,661.4,41.1833,-122.2736,0807,3944,3190,-754,6950,3006,4183,239
DUNSMUIR TRTMNT PLANT CA US,661.4,41.1833,-122.2736,0808,3944,3190,-754,6950,3006,4183,239
DUNSMUIR TRTMNT PLANT CA US,661.4,41.1833,-122.2736,0809,3945,3190,-755,6950,3005,4183,238
DUNSMUIR TRTMNT PLANT CA US,661.4,41.1833,-122.2736,0810,3946,3190,-756,6950,3004,4183,237
DUNSMUIR TRTMNT PLANT CA US,661.4,41.1833,-122.2736,0811,3947,3190,-757,6950,3003,4183,236
DUNSMUIR TRTMNT PLANT CA US,661.4,41.1833,-122.2736,0812,3947,3190,-757,6950,3003,4183,236
DUNSMUIR TRTMNT PLANT CA US,661.4,41.1833,-122.2736,0813,3948,3190,-758,6955,3007,4183,235
DUNSMUIR TRTMNT PLANT CA US,661.4,41.1833,-122.2736,0814,3949,3190,-759,6955,3006,4183,234
DUNSMUIR TRTMNT PLANT CA US,661.4,41.1833,-122.2736,0815,3950,3190,-760,6955,3005,4183,233
DUNSMUIR TRTMNT PLANT CA US,661.4,41.1833,-122.2736,0816,3950,3190,-760,6955,3005,4183,233
DUNSMUIR TRTMNT PLANT CA US,661.4,41.1833,-122.2736,0817,3951,3190,-761,6955,3004,4183,232
DUNSMUIR TRTMNT PLANT CA US,661.4,41.1833,-122.2736,0818,3952,3190,-762,6955,3003,4183,231
DUNSMUIR TRTMNT PLANT CA US,661.4,41.1833,-122.2736,0819,3953,3190,-763,6955,3002,4183,230
DUNSMUIR TRTMNT PLANT CA US,661.4,41.1833,-122.2736,0820,3954,3190,-764,6955,3001,4183,229
DUNSMUIR TRTMNT PLANT CA US,661.4,41.1833,-122.2736,0821,3955,3190,-765,6955,3000,4183,228
DUNSMUIR TRTMNT PLANT CA US,661.4,41.1833,-122.2736,0822,3955,3193,-762,6955,3000,4183,228
DUNSMUIR TRTMNT PLANT CA US,661.4,41.1833,-122.2736,0823,3956,3193,-763,6955,2999,4183,227
DUNSMUIR TRTMNT PLANT CA US,661.4,41.1833,-122.2736,0824,3957,3193,-764,6955,2998,4183,226
DUNSMUIR TRTMNT PLANT CA US,661.4,41.1833,-122.2736,0825,3958,3196,-762,6955,2997,4183,225
DUNSMUIR TRTMNT PLANT CA US,661.4,41.1833,-122.2736,0826,3959,3196,-763,6955,2996,4183,224
DUNSMUIR TRTMNT PLANT CA US,661.4,41.1833,-122.2736,0827,3960,3196,-764,6955,2995,4183,223
DUNSMUIR TRTMNT PLANT CA US,661.4,41.1833,-122.2736,0828,3962,3196,-766,6955,2993,4183,221
DUNSMUIR TRTMNT PLANT CA US,661.4,41.1833,-122.2736,0829,3963,3196,-767,6955,2992,4183,220
DUNSMUIR TRTMNT PLANT CA US,661.4,41.1833,-122.2736,0830,3964,3196,-768,6955,2991,4183,219
DUNSMUIR TRTMNT PLANT CA US,661.4,41.1833,-122.2736,0831,3965,3196,-769,6955,2990,4183,218
DUNSMUIR TRTMNT PLANT CA US,661.4,41.1833,-122.2736,0901,3967,3196,-771,6955,2988,4183,216
DUNSMUIR TRTMNT PLANT CA US,661.4,41.1833,-122.2736,0902,3968,3196,-772,6955,2987,4183,215
DUNSMUIR TRTMNT PLANT CA US,661.4,41.1833,-122.2736,0903,3970,3196,-774,6955,2985,4183,213
DUNSMUIR TRTMNT PLANT CA US,661.4,41.1833,-122.2736,0904,3972,3196,-776,6955,2983,4183,211
DUNSMUIR TRTMNT PLANT CA US,661.4,41.1833,-122.2736,0905,3975,3196,-779,6955,2980,4183,208
DUNSMUIR TRTMNT PLANT CA US,661.4,41.1833,-122.2736,0906,3977,3196,-781,6955,2978,4183,206
DUNSMUIR TRTMNT PLANT CA US,661.4,41.1833,-122.2736,0907,3979,3196,-783,6955,2976,4183,204
DUNSMUIR TRTMNT PLANT CA US,661.4,41.1833,-122.2736,0908,3981,3196,-785,6955,2974,4183,202
DUNSMUIR TRTMNT PLANT CA US,661.4,41.1833,-122.2736,0909,3984,3196,-788,6955,2971,4183,199
DUNSMUIR TRTMNT PLANT CA US,661.4,41.1833,-122.2736,0910,3987,3196,-791,6955,2968,4183,196
DUNSMUIR TRTMNT PLANT CA US,661.4,41.1833,-122.2736,0911,3989,3196,-793,6955,2966,4183,194
DUNSMUIR TRTMNT PLANT CA US,661.4,41.1833,-122.2736,0912,3992,3196,-796,6955,2963,4183,191
DUNSMUIR TRTMNT PLANT CA US,661.4,41.1833,-122.2736,0913,3995,3196,-799,6955,2960,4183,188
DUNSMUIR TRTMNT PLANT CA US,661.4,41.1833,-122.2736,0914,3998,3196,-802,6955,2957,4183,185
DUNSMUIR TRTMNT PLANT CA US,661.4,41.1833,-122.2736,0915,4001,3196,-805,6955,2954,4183,182
DUNSMUIR TRTMNT PLANT CA US,661.4,41.1833,-122.2736,0916,4004,3196,-808,6955,2951,4183,179
DUNSMUIR TRTMNT PLANT CA US,661.4,41.1833,-122.2736,0917,4008,3196,-812,6955,2947,4183,175
DUNSMUIR TRTMNT PLANT CA US,661.4,41.1833,-122.2736,0918,4011,3305,-706,6993,2982,4183,172
DUNSMUIR TRTMNT PLANT CA US,661.4,41.1833,-122.2736,0919,4014,3305,-709,7013,2999,4183,169
DUNSMUIR TRTMNT PLANT CA US,661.4,41.1833,-122.2736,0920,4017,3305,-712,7013,2996,4183,166
DUNSMUIR TRTMNT PLANT CA US,661.4,41.1833,-122.2736,0921,4021,3770,-251,7013,2992,4183,162
DUNSMUIR TRTMNT PLANT CA US,661.4,41.1833,-122.2736,0922,4024,3770,-254,7013,2989,4183,159
DUNSMUIR TRTMNT PLANT CA US,661.4,41.1833,-122.2736,0923,4028,3770,-258,7013,2985,4183,155
DUNSMUIR TRTMNT PLANT CA US,661.4,41.1833,-122.2736,0924,4031,3770,-261,7013,2982,4183,152
DUNSMUIR TRTMNT PLANT CA US,661.4,41.1833,-122.2736,0925,4035,3770,-265,7468,3433,4183,148
DUNSMUIR TRTMNT PLANT CA US,661.4,41.1833,-122.2736,0926,4038,3770,-268,7524,3486,4183,145
DUNSMUIR TRTMNT PLANT CA US,661.4,41.1833,-122.2736,0927,4042,3770,-272,7537,3495,4183,141
DUNSMUIR TRTMNT PLANT CA US,661.4,41.1833,-122.2736,0928,4046,3770,-276,7540,3494,4183,137
DUNSMUIR TRTMNT PLANT CA US,661.4,41.1833,-122.2736,0929,4051,3821,-230,7540,3489,4183,132
DUNSMUIR TRTMNT PLANT CA US,661.4,41.1833,-122.2736,0930,4055,4291,236,7540,3485,4183,128
DUNSMUIR TRTMNT PLANT CA US,661.4,41.1833,-122.2736,1001,4059,4299,240,7540,3481,4183,124
DUNSMUIR TRTMNT PLANT CA US,661.4,41.1833,-122.2736,1002,4063,4299,236,7540,3477,4183,120
DUNSMUIR TRTMNT PLANT CA US,661.4,41.1833,-122.2736,1003,4067,4299,232,7540,3473,4183,116
DUNSMUIR TRTMNT PLANT CA US,661.4,41.1833,-122.2736,1004,4071,4299,228,7540,3469,4183,112
DUNSMUIR TRTMNT PLANT CA US,661.4,41.1833,-122.2736,1005,4076,4299,223,7540,3464,4183,107
DUNSMUIR TRTMNT PLANT CA US,661.4,41.1833,-122.2736,1006,4081,4299,218,7540,3459,4183,102
DUNSMUIR TRTMNT PLANT CA US,661.4,41.1833,-122.2736,1007,4086,4299,213,7540,3454,4183,97
DUNSMUIR TRTMNT PLANT CA US,661.4,41.1833,-122.2736,1008,4093,4299,206,7540,3447,4183,90
DUNSMUIR TRTMNT PLANT CA US,661.4,41.1833,-122.2736,1009,4100,4299,199,7540,3440,4183,83
DUNSMUIR TRTMNT PLANT CA US,661.4,41.1833,-122.2736,1010,4107,4299,192,7540,3433,4183,76
DUNSMUIR TRTMNT PLANT CA US,661.4,41.1833,-122.2736,1011,4115,4299,184,7540,3425,4183,68
DUNSMUIR TRTMNT PLANT CA US,661.4,41.1833,-122.2736,1012,4123,4299,176,7540,3417,4183,60
DUNSMUIR TRTMNT PLANT CA US,661.4,41.1833,-122.2736,1013,4132,4299,167,7540,3408,4183,51
DUNSMUIR TRTMNT PLANT CA US,661.4,41.1833,-122.2736,1014,4142,4299,157,7540,3398,4183,41
DUNSMUIR TRTMNT PLANT CA US,661.4,41.1833,-122.2736,1015,4153,4299,146,7794,3641,4183,30
DUNSMUIR TRTMNT PLANT CA US,661.4,41.1833,-122.2736,1016,4164,4299,135,7797,3633,4183,19
DUNSMUIR TRTMNT PLANT CA US,661.4,41.1833,-122.2736,1017,4175,4299,124,7797,3622,4183,8
DUNSMUIR TRTMNT PLANT CA US,661.4,41.1833,-122.2736,1018,4188,4299,111,7797,3609,4183,-5
DUNSMUIR TRTMNT PLANT CA US,661.4,41.1833,-122.2736,1019,4201,4299,98,7797,3596,4183,-18
DUNSMUIR TRTMNT PLANT CA US,661.4,41.1833,-122.2736,1020,4215,4299,84,7812,3597,4183,-32
DUNSMUIR TRTMNT PLANT CA US,661.4,41.1833,-122.2736,1021,4229,4299,70,7911,3682,4183,-46
DUNSMUIR TRTMNT PLANT CA US,661.4,41.1833,-122.2736,1022,4242,4299,57,7911,3669,4183,-59
DUNSMUIR TRTMNT PLANT CA US,661.4,41.1833,-122.2736,1023,4257,4299,42,8114,3857,4183,-74
DUNSMUIR TRTMNT PLANT CA US,661.4,41.1833,-122.2736,1024,4272,4299,27,8406,4134,4183,-89
DUNSMUIR TRTMNT PLANT CA US,661.4,41.1833,-122.2736,1025,4288,4299,11,8571,4283,4183,-105
DUNSMUIR TRTMNT PLANT CA US,661.4,41.1833,-122.2736,1026,4305,4299,-6,8762,4457,4183,-122
DUNSMUIR TRTMNT PLANT CA US,661.4,41.1833,-122.2736,1027,4322,4299,-23,8765,4443,4183,-139
DUNSMUIR TRTMNT PLANT CA US,661.4,41.1833,-122.2736,1028,4340,4309,-31,8765,4425,4183,-157
DUNSMUIR TRTMNT PLANT CA US,661.4,41.1833,-122.2736,1029,4360,4309,-51,8765,4405,4183,-177
DUNSMUIR TRTMNT PLANT CA US,661.4,41.1833,-122.2736,1030,4380,4309,-71,8765,4385,4183,-197
DUNSMUIR TRTMNT PLANT CA US,661.4,41.1833,-122.2736,1031,4400,4309,-91,8839,4439,4183,-217
DUNSMUIR TRTMNT PLANT CA US,661.4,41.1833,-122.2736,1101,4422,4309,-113,9073,4651,4183,-239
DUNSMUIR TRTMNT PLANT CA US,661.4,41.1833,-122.2736,1102,4444,4309,-135,9073,4629,4183,-261
DUNSMUIR TRTMNT PLANT CA US,661.4,41.1833,-122.2736,1103,4468,4314,-154,9073,4605,4183,-285
DUNSMUIR TRTMNT PLANT CA US,661.4,41.1833,-122.2736,1104,4492,4314,-178,9073,4581,4183,-309
DUNSMUIR TRTMNT PLANT CA US,661.4,41.1833,-122.2736,1105,4516,4314,-202,9073,4557,4183,-333
DUNSMUIR TRTMNT PLANT CA US,661.4,41.1833,-122.2736,1106,4540,4314,-226,9073,4533,4183,-357
DUNSMUIR TRTMNT PLANT CA US,661.4,41.1833,-122.2736,1107,4565,4314,-251,9073,4508,4183,-382
DUNSMUIR TRTMNT PLANT CA US,661.4,41.1833,-122.2736,1108,4590,4314,-276,9073,4483,4183,-407
DUNSMUIR TRTMNT PLANT CA US,661.4,41.1833,-122.2736,1109,4615,4314,-301,9073,4458,4183,-432
DUNSMUIR TRTMNT PLANT CA US,661.4,41.1833,-122.2736,1110,4640,4314,-326,9073,4433,4183,-457
DUNSMUIR TRTMNT PLANT CA US,661.4,41.1833,-122.2736,1111,4665,4314,-351,9073,4408,4183,-482
DUNSMUIR TRTMNT PLANT CA US,661.4,41.1833,-122.2736,1112,4690,4314,-376,9073,4383,4183,-507
DUNSMUIR TRTMNT PLANT CA US,661.4,41.1833,-122.2736,1113,4714,4314,-400,9170,4456,4183,-531
DUNSMUIR TRTMNT PLANT CA US,661.4,41.1833,-122.2736,1114,4739,4314,-425,9208,4469,4183,-556
DUNSMUIR TRTMNT PLANT CA US,661.4,41.1833,-122.2736,1115,4765,4314,-451,9208,4443,4183,-582
DUNSMUIR TRTMNT PLANT CA US,661.4,41.1833,-122.2736,1116,4791,4314,-477,9208,4417,4183,-608
DUNSMUIR TRTMNT PLANT CA US,661.4,41.1833,-122.2736,1117,4816,4314,-502,9208,4392,4183,-633
DUNSMUIR TRTMNT PLANT CA US,661.4,41.1833,-122.2736,1118,4842,4314,-528,9208,4366,4183,-659
DUNSMUIR TRTMNT PLANT CA US,661.4,41.1833,-122.2736,1119,4869,4314,-555,9208,4339,4183,-686
DUNSMUIR TRTMNT PLANT CA US,661.4,41.1833,-122.2736,1120,4896,4652,-244,9365,4469,4183,-713
DUNSMUIR TRTMNT PLANT CA US,661.4,41.1833,-122.2736,1121,4924,4657,-267,9426,4502,4183,-741
DUNSMUIR TRTMNT PLANT CA US,661.4,41.1833,-122.2736,1122,4952,4657,-295,9766,4814,4183,-769
DUNSMUIR TRTMNT PLANT CA US,661.4,41.1833,-122.2736,1123,4982,4657,-325,9796,4814,4183,-799
DUNSMUIR TRTMNT PLANT CA US,661.4,41.1833,-122.2736,1124,5012,4657,-355,9796,4784,4183,-829
DUNSMUIR TRTMNT PLANT CA US,661.4,41.1833,-122.2736,1125,5044,4657,-387,9796,4752,4183,-861
DUNSMUIR TRTMNT PLANT CA US,661.4,41.1833,-122.2736,1126,5076,4657,-419,9796,4720,4183,-893
DUNSMUIR TRTMNT PLANT CA US,661.4,41.1833,-122.2736,1127,5109,4657,-452,9796,4687,4183,-926
DUNSMUIR TRTMNT PLANT CA US,661.4,41.1833,-122.2736,1128,5142,4657,-485,9796,4654,4183,-959
DUNSMUIR TRTMNT PLANT CA US,661.4,41.1833,-122.2736,1129,5177,4657,-520,10009,4832,4183,-994
DUNSMUIR TRTMNT PLANT CA US,661.4,41.1833,-122.2736,1130,5213,4657,-556,10070,4857,4183,-1030
DUNSMUIR TRTMNT PLANT CA US,661.4,41.1833,-122.2736,1201,5253,4657,-596,10106,4853,4183,-1070
DUNSMUIR TRTMNT PLANT CA US,661.4,41.1833,-122.2736,1202,5293,4657,-636,10136,4843,4183,-1110
DUNSMUIR TRTMNT PLANT CA US,661.4,41.1833,-122.2736,1203,5333,4657,-676,10288,4955,4183,-1150
DUNSMUIR TRTMNT PLANT CA US,661.4,41.1833,-122.2736,1204,5373,4657,-716,10666,5293,4183,-1190
DUNSMUIR TRTMNT PLANT CA US,661.4,41.1833,-122.2736,1205,5412,4657,-755,10745,5333,4183,-1229
DUNSMUIR TRTMNT PLANT CA US,661.4,41.1833,-122.2736,1206,5452,4657,-795,11380,5928,4183,-1269
DUNSMUIR TRTMNT PLANT CA US,661.4,41.1833,-122.2736,1207,5492,4738,-754,11393,5901,4183,-1309
DUNSMUIR TRTMNT PLANT CA US,661.4,41.1833,-122.2736,1208,5533,4738,-795,11660,6127,4183,-1350
DUNSMUIR TRTMNT PLANT CA US,661.4,41.1833,-122.2736,1209,5573,4738,-835,11950,6377,4183,-1390
DUNSMUIR TRTMNT PLANT CA US,661.4,41.1833,-122.2736,1210,5613,4738,-875,11975,6362,4183,-1430
DUNSMUIR TRTMNT PLANT CA US,661.4,41.1833,-122.2736,1211,5653,4738,-915,13207,7554,4183,-1470
DUNSMUIR TRTMNT PLANT CA US,661.4,41.1833,-122.2736,1212,5694,4738,-956,13784,8090,4183,-1511
DUNSMUIR TRTMNT PLANT CA US,661.4,41.1833,-122.2736,1213,5735,4738,-997,13804,8069,4183,-1552
DUNSMUIR TRTMNT PLANT CA US,661.4,41.1833,-122.2736,1214,5777,4738,-1039,13804,8027,4183,-1594
DUNSMUIR TRTMNT PLANT CA US,661.4,41.1833,-122.2736,1215,5819,4738,-1081,13860,8041,4183,-1636
DUNSMUIR TRTMNT PLANT CA US,661.4,41.1833,-122.2736,1216,5863,4738,-1125,14068,8205,4183,-1680
DUNSMUIR TRTMNT PLANT CA US,661.4,41.1833,-122.2736,1217,5907,4738,-1169,14393,8486,4183,-1724
DUNSMUIR TRTMNT PLANT CA US,661.4,41.1833,-122.2736,1218,5952,4738,-1214,14584,8632,4183,-1769
DUNSMUIR TRTMNT PLANT CA US,661.4,41.1833,-122.2736,1219,5996,4738,-1258,14947,8951,4183,-1813
DUNSMUIR TRTMNT PLANT CA US,661.4,41.1833,-122.2736,1220,6042,4738,-1304,15176,9134,4183,-1859
DUNSMUIR TRTMNT PLANT CA US,661.4,41.1833,-122.2736,1221,6086,4738,-1348,15288,9202,4183,-1903
DUNSMUIR TRTMNT PLANT CA US,661.4,41.1833,-122.2736,1222,6129,4738,-1391,15291,9162,4183,-1946
DUNSMUIR TRTMNT PLANT CA US,661.4,41.1833,-122.2736,1223,6172,4738,-1434,15291,9119,4183,-1989
DUNSMUIR TRTMNT PLANT CA US,661.4,41.1833,-122.2736,1224,6214,4738,-1476,15294,9080,4183,-2031
DUNSMUIR TRTMNT PLANT CA US,661.4,41.1833,-122.2736,1225,6255,4738,-1517,15446,9191,4183,-2072
DUNSMUIR TRTMNT PLANT CA US,661.4,41.1833,-122.2736,1226,6296,4738,-1558,15446,9150,4183,-2113
DUNSMUIR TRTMNT PLANT CA US,661.4,41.1833,-122.2736,1227,6337,4738,-1599,15446,9109,4183,-2154
DUNSMUIR TRTMNT PLANT CA US,661.4,41.1833,-122.2736,1228,6376,4738,-1638,15446,9070,4183,-2193
DUNSMUIR TRTMNT PLANT CA US,661.4,41.1833,-122.2736,1229,6415,4738,-1677,15446,9031,4183,-2232
DUNSMUIR TRTMNT PLANT CA US,661.4,41.1833,-122.2736,1230,6455,4738,-1717,15446,8991,4183,-2272
DUNSMUIR TRTMNT PLANT CA US,661.4,41.1833,-122.2736,1231,6495,4738,-1757,15446,8951,4183,-2312
CLEARLAKE 4 SE CA US,411.2,38.9238,-122.5672,0101,22,0,-22,0,-22,0,-22
CLEARLAKE 4 SE CA US,411.2,38.9238,-122.5672,0102,44,0,-44,0,-44,0,-44
CLEARLAKE 4 SE CA US,411.2,38.9238,-122.5672,0103,65,0,-65,0,-65,0,-65
CLEARLAKE 4 SE CA US,411.2,38.9238,-122.5672,0104,86,0,-86,0,-86,0,-86
CLEARLAKE 4 SE CA US,411.2,38.9238,-122.5672,0105,108,5,-103,0,-108,0,-108
CLEARLAKE 4 SE CA US,411.2,38.9238,-122.5672,0106,129,162,33,0,-129,0,-129
CLEARLAKE 4 SE CA US,411.2,38.9238,-122.5672,0107,150,162,12,0,-150,0,-150
CLEARLAKE 4 SE CA US,411.2,38.9238,-122.5672,0108,171,162,-9,0,-171,0,-171
CLEARLAKE 4 SE CA US,411.2,38.9238,-122.5672,0109,193,162,-31,0,-193,0,-193
CLEARLAKE 4 SE CA US,411.2,38.9238,-122.5672,0110,216,162,-54,0,-216,0,-216
CLEARLAKE 4 SE CA US,411.2,38.9238,-122.5672,0111,238,162,-76,0,-238,0,-238
CLEARLAKE 4 SE CA US,411.2,38.9238,-122.5672,0112,260,162,-98,5,-255,0,-260
CLEARLAKE 4 SE CA US,411.2,38.9238,-122.5672,0113,283,162,-121,5,-278,0,-283
CLEARLAKE 4 SE CA US,411.2,38.9238,-122.5672,0114,305,162,-143,5,-300,0,-305
CLEARLAKE 4 SE CA US,411.2,38.9238,-122.5672,0115,326,162,-164,5,-321,0,-326
CLEARLAKE 4 SE CA US,411.2,38.9238,-122.5672,0116,347,162,-185,5,-342,0,-347
CLEARLAKE 4 SE CA US,411.2,38.9238,-122.5672,0117,367,162,-205,5,-362,0,-367
CLEARLAKE 4 SE CA US,411.2,38.9238,-122.5672,0118,387,162,-225,5,-382,0,-387
CLEARLAKE 4 SE CA US,411.2,38.9238,-122.5672,0119,406,162,-244,5,-401,0,-406
CLEARLAKE 4 SE CA US,411.2,38.9238,-122.5672,0120,426,162,-264,5,-421,0,-426
CLEARLAKE 4 SE CA US,411.2,38.9238,-122.5672,0121,447,162,-285,5,-442,0,-447
CLEARLAKE 4 SE CA US,411.2,38.9238,-122.5672,0122,467,162,-305,5,-462,0,-467
CLEARLAKE 4 SE CA US,411.2,38.9238,-122.5672,0123,486,162,-324,5,-481,0,-486
CLEARLAKE 4 SE CA US,411.2,38.9238,-122.5672,0124,505,162,-343,5,-500,0,-505
CLEARLAKE 4 SE CA US,411.2,38.9238,-122.5672,0125,525,162,-363,5,-520,0,-525
CLEARLAKE 4 SE CA US,411.2,38.9238,-122.5672,0126,545,162,-383,5,-540,0,-545
CLEARLAKE 4 SE CA US,411.2,38.9238,-122.5672,0127,565,162,-403,5,-560,0,-565
CLEARLAKE 4 SE CA US,411.2,38.9238,-122.5672,0128,585,162,-423,5,-580,0,-585
CLEARLAKE 4 SE CA US,411.2,38.9238,-122.5672,0129,605,162,-443,5,-600,0,-605
CLEARLAKE 4 SE CA US,411.2,38.9238,-122.5672,0130,625,162,-463,5,-620,0,-625
CLEARLAKE 4 SE CA US,411.2,38.9238,-122.5672,0131,645,162,-483,5,-640,0,-645
CLEARLAKE 4 SE CA US,411.2,38.9238,-122.5672,0201,665,162,-503,8,-657,0,-665
CLEARLAKE 4 SE CA US,411.2,38.9238,-122.5672,0202,685,162,-523,11,-674,0,-685
CLEARLAKE 4 SE CA US,411.2,38.9238,-122.5672,0203,706,162,-544,108,-598,0,-706
CLEARLAKE 4 SE CA US,411.2,38.9238,-122.5672,0204,727,162,-565,108,-619,0,-727
CLEARLAKE 4 SE CA US,411.2,38.9238,-122.5672,0205,749,162,-587,108,-641,0,-749
CLEARLAKE 4 SE CA US,411.2,38.9238,-122.5672,0206,770,162,-608,108,-662,605,-165
CLEARLAKE 4 SE CA US,411.2,38.9238,-122.5672,0207,792,162,-630,128,-664,1240,448
CLEARLAKE 4 SE CA US,411.2,38.9238,-122.5672,0208,812,167,-645,326,-486,1268,456
CLEARLAKE 4 SE CA US,411.2,38.9238,-122.5672,0209,833,167,-666,824,-9,1268,435
CLEARLAKE 4 SE CA US,411.2,38.9238,-122.5672,0210,853,167,-686,862,9,1268,415
CLEARLAKE 4 SE CA US,411.2,38.9238,-122.5672,0211,873,167,-706,862,-11,1268,395
CLEARLAKE 4 SE CA US,411.2,38.9238,-122.5672,0212,893,167,-726,862,-31,1268,375
CLEARLAKE 4 SE CA US,411.2,38.9238,-122.5672,0213,913,167,-746,862,-51,1268,355
CLEARLAKE 4 SE CA US,411.2,38.9238,-122.5672,0214,933,167,-766,862,-71,1268,335
CLEARLAKE 4 SE CA US,411.2,38.9238,-122.5672,0215,954,167,-787,862,-92,1268,314
CLEARLAKE 4 SE CA US,411.2,38.9238,-122.5672,0216,975,167,-808,867,-108,1268,293
CLEARLAKE 4 SE CA US,411.2,38.9238,-122.5672,0217,997,167,-830,867,-130,1268,271
CLEARLAKE 4 SE CA US,411.2,38.9238,-122.5672,0218,1019,167,-852,867,-152,1268,249
CLEARLAKE 4 SE CA US,411.2,38.9238,-122.5672,0219,1041,167,-874,867,-174,1268,227
CLEARLAKE 4 SE CA US,411.2,38.9238,-122.5672,0220,1063,167,-896,867,-196,1268,205
CLEARLAKE 4 SE CA US,411.2,38.9238,-122.5672,0221,1085,167,-918,867,-218,1268,183
CLEARLAKE 4 SE CA US,411.2,38.9238,-122.5672,0222,1107,167,-940,867,-240,1268,161
CLEARLAKE 4 SE CA US,411.2,38.9238,-122.5672,0223,1128,167,-961,867,-261,1268,140
CLEARLAKE 4 SE CA US,411.2,38.9238,-122.5672,0224,1150,167,-983,867,-283,1268,118
CLEARLAKE 4 SE CA US,411.2,38.9238,-122.5672,0225,1171,167,-1004,867,-304,1268,97
CLEARLAKE 4 SE CA US,411.2,38.9238,-122.5672,0226,1193,167,-1026,867,-326,1268,75
CLEARLAKE 4 SE CA US,411.2,38.9238,-122.5672,0227,1215,167,-1048,867,-348,1268,53
CLEARLAKE 4 SE CA US,411.2,38.9238,-122.5672,0228,1236,167,-1069,1055,-181,1268,32
CLEARLAKE 4 SE CA US,411.2,38.9238,-122.5672,0301,1256,167,-1089,1055,-201,1268,12
CLEARLAKE 4 SE CA US,411.2,38.9238,-122.5672,0302,1277,167,-1110,1063,-214,1268,-9
CLEARLAKE 4 SE CA US,411.2,38.9238,-122.5672,0303,1297,167,-1130,1076,-221,1268,-29
CLEARLAKE 4 SE CA US,411.2,38.9238,-122.5672,0304,1316,167,-1149,1076,-240,1268,-48
CLEARLAKE 4 SE CA US,411.2,38.9238,-122.5672,0305,1334,167,-1167,1076,-258,1268,-66
CLEARLAKE 4 SE CA US,411.2,38.9238,-122.5672,0306,1353,167,-1186,1076,-277,1268,-85
CLEARLAKE 4 SE CA US,411.2,38.9238,-122.5672,0307,1370,167,-1203,1076,-294,1268,-102
CLEARLAKE 4 SE CA US,411.2,38.9238,-122.5672,0308,1388,172,-1216,1081,-307,1268,-120
CLEARLAKE 4 SE CA US,411.2,38.9238,-122.5672,0309,1405,172,-1233,1081,-324,1268,-137
CLEARLAKE 4 SE CA US,411.2,38.9238,-122.5672,0310,1423,172,-1251,1081,-342,1268,-155
CLEARLAKE 4 SE CA US,411.2,38.9238,-122.5672,0311,1440,172,-1268,1081,-359,1278,-162
CLEARLAKE 4 SE CA US,411.2,38.9238,-122.5672,0312,1457,172,-1285,1081,-376,1278,-179
CLEARLAKE 4 SE CA US,411.2,38.9238,-122.5672,0313,1474,172,-1302,1081,-393,1278,-196
CLEARLAKE 4 SE CA US,411.2,38.9238,-122.5672,0314,1490,172,-1318,1081,-409,1278,-212
CLEARLAKE 4 SE CA US,411.2,38.9238,-122.5672,0315,1506,172,-1334,1081,-425,1278,-228
CLEARLAKE 4 SE CA US,411.2,38.9238,-122.5672,0316,1521,172,-1349,1081,-440,1278,-243
CLEARLAKE 4 SE CA US,411.2,38.9238,-122.5672,0317,1536,172,-1364,1081,-455,1278,-258
CLEARLAKE 4 SE CA US,411.2,38.9238,-122.5672,0318,1550,172,-1378,1081,-469,1278,-272
CLEARLAKE 4 SE CA US,411.2,38.9238,-122.5672,0319,1563,172,-1391,1081,-482,1278,-285
CLEARLAKE 4 SE CA US,411.2,38.9238,-122.5672,0320,1576,172,-1404,1081,-495,1278,-298
CLEARLAKE 4 SE CA US,411.2,38.9238,-122.5672,0321,1588,172,-1416,1081,-507,1278,-310
CLEARLAKE 4 SE CA US,411.2,38.9238,-122.5672,0322,1600,172,-1428,1081,-519,1278,-322
CLEARLAKE 4 SE CA US,411.2,38.9238,-122.5672,0323,1612,172,-1440,1081,-531,1278,-334
CLEARLAKE 4 SE CA US,411.2,38.9238,-122.5672,0324,1623,172,-1451,1081,-542,1278,-345
CLEARLAKE 4 SE CA US,411.2,38.9238,-122.5672,0325,1633,172,-1461,1081,-552,1278,-355
CLEARLAKE 4 SE CA US,411.2,38.9238,-122.5672,0326,1643,172,-1471,1081,-562,1278,-365
CLEARLAKE 4 SE CA US,411.2,38.9238,-122.5672,0327,1653,172,-1481,1081,-572,1278,-375
CLEARLAKE 4 SE CA US,411.2,38.9238,-122.5672,0328,1662,172,-1490,1081,-581,1278,-384
CLEARLAKE 4 SE CA US,411.2,38.9238,-122.5672,0329,1671,180,-1491,1081,-590,1278,-393
CLEARLAKE 4 SE CA US,411.2,38.9238,-122.5672,0330,1680,180,-1500,1099,-581,1278,-402
CLEARLAKE 4 SE CA US,411.2,38.9238,-122.5672,0331,1689,259,-1430,1099,-590,1278,-411
CLEARLAKE 4 SE CA US,411.2,38.9238,-122.5672,0401,1697,259,-1438,1099,-598,1278,-419
CLEARLAKE 4 SE CA US,411.2,38.9238,-122.5672,0402,1704,259,-1445,1099,-605,1278,-426
CLEARLAKE 4 SE CA US,411.2,38.9238,-122.5672,0403,1712,259,-1453,1099,-613,1278,-434
CLEARLAKE 4 SE CA US,411.2,38.9238,-122.5672,0404,1720,259,-1461,1124,-596,1278,-442
CLEARLAKE 4 SE CA US,411.2,38.9238,-122.5672,0405,1727,269,-1458,1134,-593,1278,-449
CLEARLAKE 4 SE CA US,411.2,38.9238,-122.5672,0406,1734,269,-1465,1137,-597,1278,-456
CLEARLAKE 4 SE CA US,411.2,38.9238,-122.5672,0407,1741,269,-1472,1137,-604,1278,-463
CLEARLAKE 4 SE CA US,411.2,38.9238,-122.5672,0408,1747,269,-1478,1137,-610,1278,-469
CLEARLAKE 4 SE CA US,411.2,38.9238,-122.5672,0409,1753,269,-1484,1137,-616,1278,-475
CLEARLAKE 4 SE CA US,411.2,38.9238,-122.5672,0410,1759,269,-1490,1137,-622,1278,-481
CLEARLAKE 4 SE CA US,411.2,38.9238,-122.5672,0411,1765,269,-1496,1137,-628,1278,-487
CLEARLAKE 4 SE CA US,411.2,38.9238,-122.5672,0412,1771,269,-1502,1137,-634,1278,-493
CLEARLAKE 4 SE CA US,411.2,38.9238,-122.5672,0413,1777,269,-1508,1137,-640,1278,-499
CLEARLAKE 4 SE CA US,411.2,38.9238,-122.5672,0414,1782,269,-1513,1137,-645,1278,-504
CLEARLAKE 4 SE CA US,411.2,38.9238,-122.5672,0415,1788,269,-1519,1137,-651,1278,-510
CLEARLAKE 4 SE CA US,411.2,38.9238,-122.5672,0416,1793,269,-1524,1137,-656,1278,-515
CLEARLAKE 4 SE CA US,411.2,38.9238,-122.5672,0417,1799,269,-1530,1137,-662,1278,-521
CLEARLAKE 4 SE CA US,411.2,38.9238,-122.5672,0418,1804,269,-1535,1137,-667,1278,-526
CLEARLAKE 4 SE CA US,411.2,38.9238,-122.5672,0419,1809,269,-1540,1137,-672,1278,-531
CLEARLAKE 4 SE CA US,411.2,38.9238,-122.5672,0420,1814,269,-1545,1137,-677,1278,-536
CLEARLAKE 4 SE CA US,411.2,38.9238,-122.5672,0421,1820,269,-1551,1137,-683,1278,-542
CLEARLAKE 4 SE CA US,411.2,38.9238,-122.5672,0422,1825,269,-1556,1137,-688,1278,-547
CLEARLAKE 4 SE CA US,411.2,38.9238,-122.5672,0423,1830,269,-1561,1137,-693,1278,-552
CLEARLAKE 4 SE CA US,411.2,38.9238,-122.5672,0424,1835,269,-1566,1137,-698,1278,-557
CLEARLAKE 4 SE CA US,411.2,38.9238,-122.5672,0425,1841,269,-1572,1137,-704,1375,-466
CLEARLAKE 4 SE CA US,411.2,38.9238,-122.5672,0426,1845,269,-1576,1137,-708,1375,-470
CLEARLAKE 4 SE CA US,411.2,38.9238,-122.5672,0427,1850,269,-1581,1137,-713,1375,-475
CLEARLAKE 4 SE CA US,411.2,38.9238,-122.5672,0428,1854,269,-1585,1137,-717,1375,-479
CLEARLAKE 4 SE CA US,411.2,38.9238,-122.5672,0429,1858,269,-1589,1137,-721,1375,-483
CLEARLAKE 4 SE CA US,411.2,38.9238,-122.5672,0430,1862,269,-1593,1137,-725,1375,-487
CLEARLAKE 4 SE CA US,411.2,38.9238,-122.5672,0501,1867,269,-1598,1137,-730,1375,-492
CLEARLAKE 4 SE CA US,411.2,38.9238,-122.5672,0502,1871,269,-1602,1137,-734,1375,-496
CLEARLAKE 4 SE CA US,411.2,38.9238,-122.5672,0503,1875,269,-1606,1137,-738,1375,-500
CLEARLAKE 4 SE CA US,411.2,38.9238,-122.5672,0504,1879,269,-1610,1137,-742,1375,-504
CLEARLAKE 4 SE CA US,411.2,38.9238,-122.5672,0505,1883,269,-1614,1137,-746,1375,-508
CLEARLAKE 4 SE CA US,411.2,38.9238,-122.5672,0506,1887,269,-1618,1137,-750,1375,-512
CLEARLAKE 4 SE CA US,411.2,38.9238,-122.5672,0507,1891,269,-1622,1137,-754,1375,-516
CLEARLAKE 4 SE CA US,411.2,38.9238,-122.5672,0508,1895,269,-1626,1137,-758,1375,-520
CLEARLAKE 4 SE CA US,411.2,38.9238,-122.5672,0509,1899,269,-1630,1137,-762,1375,-524
CLEARLAKE 4 SE CA US,411.2,38.9238,-122.5672,0510,1902,269,-1633,1137,-765,1375,-527
CLEARLAKE 4 SE CA US,411.2,38.9238,-122.5672,0511,1906,269,-1637,1137,-769,1375,-531
CLEARLAKE 4 SE CA US,411.2,38.9238,-122.5672,0512,1909,269,-1640,1137,-772,1375,-534
CLEARLAKE 4 SE CA US,411.2,38.9238,-122.5672,0513,1913,269,-1644,1137,-776,1375,-538
CLEARLAKE 4 SE CA US,411.2,38.9238,-122.5672,0514,1916,269,-1647,1137,-779,1375,-541
CLEARLAKE 4 SE CA US,411.2,38.9238,-122.5672,0515,1920,269,-1651,1137,-783,1375,-545
CLEARLAKE 4 SE CA US,411.2,38.9238,-122.5672,0516,1924,269,-1655,1137,-787,1375,-549
CLEARLAKE 4 SE CA US,411.2,38.9238,-122.5672,0517,1928,269,-1659,1137,-791,1375,-553
CLEARLAKE 4 SE CA US,411.2,38.9238,-122.5672,0518,1932,269,-1663,1137,-795,1375,-557
CLEARLAKE 4 SE CA US,411.2,38.9238,-122.5672,0519,1935,269,-1666,1137,-798,1375,-560
CLEARLAKE 4 SE CA US,411.2,38.9238,-122.5672,0520,1939,269,-1670,1137,-802,1375,-564
CLEARLAKE 4 SE CA US,411.2,38.9238,-122.5672,0521,1942,269,-1673,1137,-805,1375,-567
CLEARLAKE 4 SE CA US,411.2,38.9238,-122.5672,0522,1946,269,-1677,1137,-809,1375,-571
CLEARLAKE 4 SE CA US,411.2,38.9238,-122.5672,0523,1949,269,-1680,1137,-812,1375,-574
CLEARLAKE 4 SE CA US,411.2,38.9238,-122.5672,0524,1953,269,-1684,1137,-816,1375,-578
CLEARLAKE 4 SE CA US,411.2,38.9238,-122.5672,0525,1956,269,-1687,1137,-819,1375,-581
CLEARLAKE 4 SE CA US,411.2,38.9238,-122.5672,0526,1959,269,-1690,1137,-822,1375,-584
CLEARLAKE 4 SE CA US,411.2,38.9238,-122.5672,0527,1963,269,-1694,1137,-826,1375,-588
CLEARLAKE 4 SE CA US,411.2,38.9238,-122.5672,0528,1966,269,-1697,1137,-829,1375,-591
CLEARLAKE 4 SE CA US,411.2,38.9238,-122.5672,0529,1969,269,-1700,1137,-832,1375,-594
CLEARLAKE 4 SE CA US,411.2,38.9238,-122.5672,0530,1972,269,-1703,1137,-835,1375,-597
CLEARLAKE 4 SE CA US,411.2,38.9238,-122.5672,0531,1975,269,-1706,1137,-838,1375,-600
CLEARLAKE 4 SE CA US,411.2,38.9238,-122.5672,0601,1977,269,-1708,1137,-840,1375,-602
CLEARLAKE 4 SE CA US,411.2,38.9238,-122.5672,0602,1978,269,-1709,1137,-841,1375,-603
CLEARLAKE 4 SE CA US,411.2,38.9238,-122.5672,0603,1980,269,-1711,1137,-843,1375,-605
CLEARLAKE 4 SE CA US,411.2,38.9238,-122.5672,0604,1981,269,-1712,1137,-844,1375,-606
CLEARLAKE 4 SE CA US,411.2,38.9238,-122.5672,0605,1983,269,-1714,1137,-846,1375,-608
CLEARLAKE 4 SE CA US,411.2,38.9238,-122.5672,0606,1984,269,-1715,1137,-847,1375,-609
CLEARLAKE 4 SE CA US,411.2,38.9238,-122.5672,0607,1985,269,-1716,1137,-848,1375,-610
CLEARLAKE 4 SE CA US,411.2,38.9238,-122.5672,0608,1986,269,-1717,1137,-849,1375,-611
CLEARLAKE 4 SE CA US,411.2,38.9238,-122.5672,0609,1988,269,-1719,1137,-851,1375,-613
CLEARLAKE 4 SE CA US,411.2,38.9238,-122.5672,0610,1989,269,-1720,1137,-852,1375,-614
CLEARLAKE 4 SE CA US,411.2,38.9238,-122.5672,0611,1990,269,-1721,1137,-853,1375,-615
CLEARLAKE 4 SE CA US,411.2,38.9238,-122.5672,0612,1991,269,-1722,1137,-854,1375,-616
CLEARLAKE 4 SE CA US,411.2,38.9238,-122.5672,0613,1991,269,-1722,1137,-854,1375,-616
CLEARLAKE 4 SE CA US,411.2,38.9238,-122.5672,0614,1992,269,-1723,1137,-855,1375,-617
CLEARLAKE 4 SE CA US,411.2,38.9238,-122.5672,0615,1992,269,-1723,1137,-855,1375,-617
CLEARLAKE 4 SE CA US,411.2,38.9238,-122.5672,0616,1992,269,-1723,1137,-855,1375,-617
CLEARLAKE 4 SE CA US,411.2,38.9238,-122.5672,0617,1993,269,-1724,1137,-856,1375,-618
CLEARLAKE 4 SE CA US,411.2,38.9238,-122.5672,0618,1994,269,-1725,1137,-857,1375,-619
CLEARLAKE 4 SE CA US,411.2,38.9238,-122.5672,0619,1994,269,-1725,1137,-857,1375,-619
CLEARLAKE 4 SE CA US,411.2,38.9238,-122.5672,0620,1994,269,-1725,1137,-857,1375,-619
CLEARLAKE 4 SE CA US,411.2,38.9238,-122.5672,0621,1995,269,-1726,1137,-858,1375,-620
CLEARLAKE 4 SE CA US,411.2,38.9238,-122.5672,0622,1995,269,-1726,1137,-858,1375,-620
CLEARLAKE 4 SE CA US,411.2,38.9238,-122.5672,0623,1995,269,-1726,1137,-858,1375,-620
CLEARLAKE 4 SE CA US,411.2,38.9238,-122.5672,0624,1996,269,-1727,1137,-859,1375,-621
CLEARLAKE 4 SE CA US,411.2,38.9238,-122.5672,0625,1996,269,-1727,1137,-859,1375,-621
CLEARLAKE 4 SE CA US,411.2,38.9238,-122.5672,0626,1996,269,-1727,1137,-859,1375,-621
CLEARLAKE 4 SE CA US,411.2,38.9238,-122.5672,0627,1996,269,-1727,1137,-859,1375,-621
CLEARLAKE 4 SE CA US,411.2,38.9238,-122.5672,0628,1997,269,-1728,1137,-860,1375,-622
CLEARLAKE 4 SE CA US,411.2,38.9238,-122.5672,0629,1997,269,-1728,1137,-860,1375,-622
CLEARLAKE 4 SE CA US,411.2,38.9238,-122.5672,0630,1997,269,-1728,1137,-860,1375,-622
CLEARLAKE 4 SE CA US,411.2,38.9238,-122.5672,0701,1997,269,-1728,1137,-860,1375,-622
CLEARLAKE 4 SE CA US,411.2,38.9238,-122.5672,0702,1997,269,-1728,1137,-860,1375,-622
CLEARLAKE 4 SE CA US,411.2,38.9238,-122.5672,0703,1997,269,-1728,1137,-860,1375,-622
CLEARLAKE 4 SE CA US,411.2,38.9238,-122.5672,0704,1997,269,-1728,1137,-860,1375,-622
CLEARLAKE 4 SE CA US,411.2,38.9238,-122.5672,0705,1998,269,-1729,1137,-861,1375,-623
CLEARLAKE 4 SE CA US,411.2,38.9238,-122.5672,0706,1998,269,-1729,1137,-861,1375,-623
CLEARLAKE 4 SE CA US,411.2,38.9238,-122.5672,0707,1998,269,-1729,1137,-861,1375,-623
CLEARLAKE 4 SE CA US,411.2,38.9238,-122.5672,0708,1998,269,-1729,1137,-861,1375,-623
CLEARLAKE 4 SE CA US,411.2,38.9238,-122.5672,0709,1998,269,-1729,1137,-861,1375,-623
CLEARLAKE 4 SE CA US,411.2,38.9238,-122.5672,0710,1998,269,-1729,1137,-861,1375,-623
CLEARLAKE 4 SE CA US,411.2,38.9238,-122.5672,0711,1998,269,-1729,1137,-861,1375,-623
CLEARLAKE 4 SE CA US,411.2,38.9238,-122.5672,0712,1998,269,-1729,1137,-861,1375,-623
CLEARLAKE 4 SE CA US,411.2,38.9238,-122.5672,0713,1998,269,-1729,1137,-861,1375,-623
CLEARLAKE 4 SE CA US,411.2,38.9238,-122.5672,0714,1998,269,-1729,1137,-861,1375,-623
CLEARLAKE 4 SE CA US,411.2,38.9238,-122.5672,0715,1998,269,-1729,1137,-861,1375,-623
CLEARLAKE 4 SE CA US,411.2,38.9238,-122.5672,0716,1998,269,-1729,1137,-861,1375,-623
CLEARLAKE 4 SE CA US,411.2,38.9238,-122.5672,0717,1998,269,-1729,1137,-861,1375,-623
CLEARLAKE 4 SE CA US,411.2,38.9238,-122.5672,0718,1999,269,-1730,1137,-862,1375,-624
CLEARLAKE 4 SE CA US,411.2,38.9238,-122.5672,0719,1999,269,-1730,1137,-862,1375,-624
CLEARLAKE 4 SE CA US,411.2,38.9238,-122.5672,0720,1999,269,-1730,1137,-862,1375,-624
CLEARLAKE 4 SE CA US,411.2,38.9238,-122.5672,0721,1999,269,-1730,1137,-862,1375,-624
CLEARLAKE 4 SE CA US,411.2,38.9238,-122.5672,0722,1999,269,-1730,1137,-862,1375,-624
CLEARLAKE 4 SE CA US,411.2,38.9238,-122.5672,0723,1999,269,-1730,1137,-862,1375,-624
CLEARLAKE 4 SE CA US,411.2,38.9238,-122.5672,0724,1999,269,-1730,1137,-862,1375,-624
CLEARLAKE 4 SE CA US,411.2,38.9238,-122.5672,0725,1999,269,-1730,1137,-862,1375,-624
CLEARLAKE 4 SE CA US,411.2,38.9238,-122.5672,0726,1999,269,-1730,1137,-862,1375,-624
CLEARLAKE 4 SE CA US,411.2,38.9238,-122.5672,0727,1999,269,-1730,1137,-862,1375,-624
CLEARLAKE 4 SE CA US,411.2,38.9238,-122.5672,0728,1999,269,-1730,1137,-862,1375,-624
CLEARLAKE 4 SE CA US,411.2,38.9238,-122.5672,0729,1999,269,-1730,1137,-862,1375,-624
CLEARLAKE 4 SE CA US,411.2,38.9238,-122.5672,0730,1999,269,-1730,1137,-862,1375,-624
CLEARLAKE 4 SE CA US,411.2,38.9238,-122.5672,0731,1999,269,-1730,1137,-862,1375,-624
CLEARLAKE 4 SE CA US,411.2,38.9238,-122.5672,0801,1999,269,-1730,1137,-862,1375,-624
CLEARLAKE 4 SE CA US,411.2,38.9238,-122.5672,0802,1999,269,-1730,1137,-862,1375,-624
CLEARLAKE 4 SE CA US,411.2,38.9238,-122.5672,0803,1999,269,-1730,1137,-862,1375,-624
CLEARLAKE 4 SE CA US,411.2,38.9238,-122.5672,0804,1999,269,-1730,1137,-862,1375,-624
CLEARLAKE 4 SE CA US,411.2,38.9238,-122.5672,0805,1999,269,-1730,1137,-862,1375,-624
CLEARLAKE 4 SE CA US,411.2,38.9238,-122.5672,0806,2000,269,-1731,1137,-863,1375,-625
CLEARLAKE 4 SE CA US,411.2,38.9238,-122.5672,0807,2000,269,-1731,1137,-863,1375,-625
CLEARLAKE 4 SE CA US,411.2,38.9238,-122.5672,0808,2000,269,-1731,1137,-863,1375,-625
CLEARLAKE 4 SE CA US,411.2,38.9238,-122.5672,0809,2000,269,-1731,1137,-863,1375,-625
CLEARLAKE 4 SE CA US,411.2,38.9238,-122.5672,0810,2001,269,-1732,1137,-864,1375,-626
CLEARLAKE 4 SE CA US,411.2,38.9238,-122.5672,0811,2001,269,-1732,1137,-864,1375,-626
CLEARLAKE 4 SE CA US,411.2,38.9238,-122.5672,0812,2001,269,-1732,1137,-864,1375,-626
CLEARLAKE 4 SE CA US,411.2,38.9238,-122.5672,0813,2001,269,-1732,1137,-864,1375,-626
CLEARLAKE 4 SE CA US,411.2,38.9238,-122.5672,0814,2002,269,-1733,1137,-865,1375,-627
CLEARLAKE 4 SE CA US,411.2,38.9238,-122.5672,0815,2002,269,-1733,1137,-865,1375,-627
CLEARLAKE 4 SE CA US,411.2,38.9238,-122.5672,0816,2002,269,-1733,1137,-865,1375,-627
CLEARLAKE 4 SE CA US,411.2,38.9238,-122.5672,0817,2002,269,-1733,1137,-865,1375,-627
CLEARLAKE 4 SE CA US,411.2,38.9238,-122.5672,0818,2003,269,-1734,1137,-866,1375,-628
CLEARLAKE 4 SE CA US,411.2,38.9238,-122.5672,0819,2003,269,-1734,1137,-866,1375,-628
CLEARLAKE 4 SE CA US,411.2,38.9238,-122.5672,0820,2003,269,-1734,1137,-866,1375,-628
CLEARLAKE 4 SE CA US,411.2,38.9238,-122.5672,0821,2003,269,-1734,1137,-866,1375,-628
CLEARLAKE 4 SE CA US,411.2,38.9238,-122.5672,0822,2004,269,-1735,1137,-867,1375,-629
CLEARLAKE 4 SE CA US,411.2,38.9238,-122.5672,0823,2004,269,-1735,1137,-867,1375,-629
CLEARLAKE 4 SE CA US,411.2,38.9238,-122.5672,0824,2005,269,-1736,1137,-868,1375,-630
CLEARLAKE 4 SE CA US,411.2,38.9238,-122.5672,0825,2005,269,-1736,1137,-868,1375,-630
CLEARLAKE 4 SE CA US,411.2,38.9238,-122.5672,0826,2006,269,-1737,1137,-869,1375,-631
CLEARLAKE 4 SE CA US,411.2,38.9238,-122.5672,0827,2006,269,-1737,1137,-869,1375,-631
CLEARLAKE 4 SE CA US,411.2,38.9238,-122.5672,0828,2007,269,-1738,1137,-870,1375,-632
CLEARLAKE 4 SE CA US,411.2,38.9238,-122.5672,0829,2008,269,-1739,1137,-871,1375,-633
CLEARLAKE 4 SE CA US,411.2,38.9238,-122.5672,0830,2008,269,-1739,1137,-871,1375,-633
CLEARLAKE 4 SE CA US,411.2,38.9238,-122.5672,0831,2009,269,-1740,1137,-872,1375,-634
CLEARLAKE 4 SE CA US,411.2,38.9238,-122.5672,0901,2010,269,-1741,1137,-873,1375,-635
CLEARLAKE 4 SE CA US,411.2,38.9238,-122.5672,0902,2010,269,-1741,1137,-873,1375,-635
CLEARLAKE 4 SE CA US,411.2,38.9238,-122.5672,0903,2012,269,-1743,1137,-875,1375,-637
CLEARLAKE 4 SE CA US,411.2,38.9238,-122.5672,0904,2013,269,-1744,1137,-876,1375,-638
CLEARLAKE 4 SE CA US,411.2,38.9238,-122.5672,0905,2014,269,-1745,1137,-877,1375,-639
CLEARLAKE 4 SE CA US,411.2,38.9238,-122.5672,0906,2015,269,-1746,1137,-878,1375,-640
CLEARLAKE 4 SE CA US,411.2,38.9238,-122.5672,0907,2016,269,-1747,1137,-879,1375,-641
CLEARLAKE 4 SE CA US,411.2,38.9238,-122.5672,0908,2017,269,-1748,1137,-880,1375,-642
CLEARLAKE 4 SE CA US,411.2,38.9238,-122.5672,0909,2019,269,-1750,1137,-882,1375,-644
CLEARLAKE 4 SE CA US,411.2,38.9238,-122.5672,0910,2020,269,-1751,1137,-883,1375,-645
CLEARLAKE 4 SE CA US,411.2,38.9238,-122.5672,0911,2021,269,-1752,1137,-884,1375,-646
CLEARLAKE 4 SE CA US,411.2,38.9238,-122.5672,0912,2023,269,-1754,1137,-886,1375,-648
CLEARLAKE 4 SE CA US,411.2,38.9238,-122.5672,0913,2024,269,-1755,1137,-887,1375,-649
CLEARLAKE 4 SE CA US,411.2,38.9238,-122.5672,0914,2026,269,-1757,1137,-889,1375,-651
CLEARLAKE 4 SE CA US,411.2,38.9238,-122.5672,0915,2027,269,-1758,1137,-890,1375,-652
CLEARLAKE 4 SE CA US,411.2,38.9238,-122.5672,0916,2029,269,-1760,1137,-892,1375,-654
CLEARLAKE 4 SE CA US,411.2,38.9238,-122.5672,0917,2030,269,-1761,1137,-893,1375,-655
CLEARLAKE 4 SE CA US,411.2,38.9238,-122.5672,0918,2032,269,-1763,1137,-895,1375,-657
CLEARLAKE 4 SE CA US,411.2,38.9238,-122.5672,0919,2034,269,-1765,1137,-897,1375,-659
CLEARLAKE 4 SE CA US,411.2,38.9238,-122.5672,0920,2035,269,-1766,1137,-898,1375,-660
CLEARLAKE 4 SE CA US,411.2,38.9238,-122.5672,0921,2037,287,-1750,1152,-885,1375,-662
CLEARLAKE 4 SE CA US,411.2,38.9238,-122.5672,0922,2038,305,-1733,1152,-886,1375,-663
CLEARLAKE 4 SE CA US,411.2,38.9238,-122.5672,0923,2040,310,-1730,1152,-888,1375,-665
CLEARLAKE 4 SE CA US,411.2,38.9238,-122.5672,0924,2041,310,-1731,1152,-889,1375,-666
CLEARLAKE 4 SE CA US,411.2,38.9238,-122.5672,0925,2043,310,-1733,1152,-891,1375,-668
CLEARLAKE 4 SE CA US,411.2,38.9238,-122.5672,0926,2044,310,-1734,1152,-892,1375,-669
CLEARLAKE 4 SE CA US,411.2,38.9238,-122.5672,0927,2046,310,-1736,1152,-894,1375,-671
CLEARLAKE 4 SE CA US,411.2,38.9238,-122.5672,0928,2048,310,-1738,1152,-896,1375,-673
CLEARLAKE 4 SE CA US,411.2,38.9238,-122.5672,0929,2050,310,-1740,1152,-898,1375,-675
CLEARLAKE 4 SE CA US,411.2,38.9238,-122.5672,0930,2052,310,-1742,1152,-900,1375,-677
CLEARLAKE 4 SE CA US,411.2,38.9238,-122.5672,1001,2054,310,-1744,1152,-902,1375,-679
CLEARLAKE 4 SE CA US,411.2,38.9238,-122.5672,1002,2056,310,-1746,1152,-904,1375,-681
CLEARLAKE 4 SE CA US,411.2,38.9238,-122.5672,1003,2057,310,-1747,1152,-905,1375,-682
CLEARLAKE 4 SE CA US,411.2,38.9238,-122.5672,1004,2059,310,-1749,1152,-907,1375,-684
CLEARLAKE 4 SE CA US,411.2,38.9238,-122.5672,1005,2061,310,-1751,1152,-909,1375,-686
CLEARLAKE 4 SE CA US,411.2,38.9238,-122.5672,1006,2063,310,-1753,1152,-911,1375,-688
CLEARLAKE 4 SE CA US,411.2,38.9238,-122.5672,1007,2065,310,-1755,1152,-913,1375,-690
CLEARLAKE 4 SE CA US,411.2,38.9238,-122.5672,1008,2068,310,-1758,1152,-916,1375,-693
CLEARLAKE 4 SE CA US,411.2,38.9238,-122.5672,1009,2071,310,-1761,1152,-919,1375,-696
CLEARLAKE 4 SE CA US,411.2,38.9238,-122.5672,1010,2074,310,-1764,1152,-922,1375,-699
CLEARLAKE 4 SE CA US,411.2,38.9238,-122.5672,1011,2077,310,-1767,1152,-925,1375,-702
CLEARLAKE 4 SE CA US,411.2,38.9238,-122.5672,1012,2080,310,-1770,1152,-928,1375,-705
CLEARLAKE 4 SE CA US,411.2,38.9238,-122.5672,1013,2084,310,-1774,1152,-932,1375,-709
CLEARLAKE 4 SE CA US,411.2,38.9238,-122.5672,1014,2087,310,-1777,1152,-935,1375,-712
CLEARLAKE 4 SE CA US,411.2,38.9238,-122.5672,1015,2092,310,-1782,1152,-940,1375,-717
CLEARLAKE 4 SE CA US,411.2,38.9238,-122.5672,1016,2096,310,-1786,1152,-944,1375,-721
CLEARLAKE 4 SE CA US,411.2,38.9238,-122.5672,1017,2101,310,-1791,1152,-949,1375,-726
CLEARLAKE 4 SE CA US,411.2,38.9238,-122.5672,1018,2106,310,-1796,1152,-954,1375,-731
CLEARLAKE 4 SE CA US,411.2,38.9238,-122.5672,1019,2111,310,-1801,1152,-959,1375,-736
CLEARLAKE 4 SE CA US,411.2,38.9238,-122.5672,1020,2116,310,-1806,1152,-964,1375,-741
CLEARLAKE 4 SE CA US,411.2,38.9238,-122.5672,1021,2121,310,-1811,1152,-969,1375,-746
CLEARLAKE 4 SE CA US,411.2,38.9238,-122.5672,1022,2126,310,-1816,1152,-974,1375,-751
CLEARLAKE 4 SE CA US,411.2,38.9238,-122.5672,1023,2131,310,-1821,1152,-979,1375,-756
CLEARLAKE 4 SE CA US,411.2,38.9238,-122.5672,1024,2137,310,-1827,1152,-985,1375,-762
CLEARLAKE 4 SE CA US,411.2,38.9238,-122.5672,1025,2144,310,-1834,1198,-946,1375,-769
CLEARLAKE 4 SE CA US,411.2,38.9238,-122.5672,1026,2151,310,-1841,1198,-953,1375,-776
CLEARLAKE 4 SE CA US,411.2,38.9238,-122.5672,1027,2159,310,-1849,1198,-961,1375,-784
CLEARLAKE 4 SE CA US,411.2,38.9238,-122.5672,1028,2167,310,-1857,1198,-969,1375,-792
CLEARLAKE 4 SE CA US,411.2,38.9238,-122.5672,1029,2176,310,-1866,1198,-978,1375,-801
CLEARLAKE 4 SE CA US,411.2,38.9238,-122.5672,1030,2186,310,-1876,1198,-988,1375,-811
CLEARLAKE 4 SE CA US,411.2,38.9238,-122.5672,1031,2196,310,-1886,1198,-998,1375,-821
CLEARLAKE 4 SE CA US,411.2,38.9238,-122.5672,1101,2204,310,-1894,1198,-1006,1375,-829
CLEARLAKE 4 SE CA US,411.2,38.9238,-122.5672,1102,2213,310,-1903,1289,-924,1375,-838
CLEARLAKE 4 SE CA US,411.2,38.9238,-122.5672,1103,2223,310,-1913,1289,-934,1375,-848
CLEARLAKE 4 SE CA US,411.2,38.9238,-122.5672,1104,2232,310,-1922,1380,-852,1375,-857
CLEARLAKE 4 SE CA US,411.2,38.9238,-122.5672,1105,2242,310,-1932,1380,-862,1375,-867
CLEARLAKE 4 SE CA US,411.2,38.9238,-122.5672,1106,2251,310,-1941,1380,-871,1375,-876
CLEARLAKE 4 SE CA US,411.2,38.9238,-122.5672,1107,2261,310,-1951,1380,-881,1375,-886
CLEARLAKE 4 SE CA US,411.2,38.9238,-122.5672,1108,2270,310,-1960,1380,-890,1375,-895
CLEARLAKE 4 SE CA US,411.2,38.9238,-122.5672,1109,2280,310,-1970,1380,-900,1375,-905
CLEARLAKE 4 SE CA US,411.2,38.9238,-122.5672,1110,2291,310,-1981,1380,-911,1375,-916
CLEARLAKE 4 SE CA US,411.2,38.9238,-122.5672,1111,2301,310,-1991,1380,-921,1375,-926
CLEARLAKE 4 SE CA US,411.2,38.9238,-122.5672,1112,2312,310,-2002,1380,-932,1375,-937
CLEARLAKE 4 SE CA US,411.2,38.9238,-122.5672,1113,2322,310,-2012,1380,-942,1375,-947
CLEARLAKE 4 SE CA US,411.2,38.9238,-122.5672,1114,2333,310,-2023,1380,-953,1375,-958
CLEARLAKE 4 SE CA US,411.2,38.9238,-122.5672,1115,2344,310,-2034,1461,-883,1375,-969
CLEARLAKE 4 SE CA US,411.2,38.9238,-122.5672,1116,2355,310,-2045,1461,-894,1375,-980
CLEARLAKE 4 SE CA US,411.2,38.9238,-122.5672,1117,2367,310,-2057,1461,-906,1375,-992
CLEARLAKE 4 SE CA US,411.2,38.9238,-122.5672,1118,2380,310,-2070,1461,-919,1375,-1005
CLEARLAKE 4 SE CA US,411.2,38.9238,-122.5672,1119,2393,310,-2083,1497,-896,1375,-1018
CLEARLAKE 4 SE CA US,411.2,38.9238,-122.5672,1120,2406,310,-2096,1497,-909,1375,-1031
CLEARLAKE 4 SE CA US,411.2,38.9238,-122.5672,1121,2420,310,-2110,1497,-923,1375,-1045
CLEARLAKE 4 SE CA US,411.2,38.9238,-122.5672,1122,2433,310,-2123,1497,-936,1375,-1058
CLEARLAKE 4 SE CA US,411.2,38.9238,-122.5672,1123,2447,310,-2137,1497,-950,1375,-1072
CLEARLAKE 4 SE CA US,411.2,38.9238,-122.5672,1124,2460,310,-2150,1497,-963,1375,-1085
CLEARLAKE 4 SE CA US,411.2,38.9238,-122.5672,1125,2474,310,-2164,1497,-977,1375,-1099
CLEARLAKE 4 SE CA US,411.2,38.9238,-122.5672,1126,2488,310,-2178,1497,-991,1375,-1113
CLEARLAKE 4 SE CA US,411.2,38.9238,-122.5672,1127,2502,310,-2192,1497,-1005,1375,-1127
CLEARLAKE 4 SE CA US,411.2,38.9238,-122.5672,1128,2517,310,-2207,1497,-1020,1375,-1142
CLEARLAKE 4 SE CA US,411.2,38.9238,-122.5672,1129,2531,310,-2221,1497,-1034,1375,-1156
CLEARLAKE 4 SE CA US,411.2,38.9238,-122.5672,1130,2547,310,-2237,1682,-865,1375,-1172
CLEARLAKE 4 SE CA US,411.2,38.9238,-122.5672,1201,2564,310,-2254,1682,-882,1375,-1189
CLEARLAKE 4 SE CA US,411.2,38.9238,-122.5672,1202,2581,310,-2271,1682,-899,1375,-1206
CLEARLAKE 4 SE CA US,411.2,38.9238,-122.5672,1203,2598,310,-2288,1682,-916,1375,-1223
CLEARLAKE 4 SE CA US,411.2,38.9238,-122.5672,1204,2615,310,-2305,1682,-933,1375,-1240
CLEARLAKE 4 SE CA US,411.2,38.9238,-122.5672,1205,2633,310,-2323,1682,-951,1375,-1258
CLEARLAKE 4 SE CA US,411.2,38.9238,-122.5672,1206,2651,310,-2341,1682,-969,1375,-1276
CLEARLAKE 4 SE CA US,411.2,38.9238,-122.5672,1207,2669,310,-2359,1682,-987,1375,-1294
CLEARLAKE 4 SE CA US,411.2,38.9238,-122.5672,1208,2687,310,-2377,1682,-1005,1375,-1312
CLEARLAKE 4 SE CA US,411.2,38.9238,-122.5672,1209,2706,310,-2396,1682,-1024,1375,-1331
CLEARLAKE 4 SE CA US,411.2,38.9238,-122.5672,1210,2724,310,-2414,1682,-1042,1375,-1349
CLEARLAKE 4 SE CA US,411.2,38.9238,-122.5672,1211,2743,310,-2433,1682,-1061,1375,-1368
CLEARLAKE 4 SE CA US,411.2,38.9238,-122.5672,1212,2761,310,-2451,1878,-883,1375,-1386
CLEARLAKE 4 SE CA US,411.2,38.9238,-122.5672,1213,2780,310,-2470,1878,-902,1375,-1405
CLEARLAKE 4 SE CA US,411.2,38.9238,-122.5672,1214,2799,310,-2489,1878,-921,1375,-1424
CLEARLAKE 4 SE CA US,411.2,38.9238,-122.5672,1215,2819,310,-2509,1878,-941,1375,-1444
CLEARLAKE 4 SE CA US,411.2,38.9238,-122.5672,1216,2839,310,-2529,1878,-961,1375,-1464
CLEARLAKE 4 SE CA US,411.2,38.9238,-122.5672,1217,2859,310,-2549,1878,-981,1375,-1484
CLEARLAKE 4 SE CA US,411.2,38.9238,-122.5672,1218,2879,310,-2569,1878,-1001,1375,-1504
CLEARLAKE 4 SE CA US,411.2,38.9238,-122.5672,1219,2900,310,-2590,1878,-1022,1375,-1525
CLEARLAKE 4 SE CA US,411.2,38.9238,-122.5672,1220,2921,310,-2611,1878,-1043,1375,-1546
CLEARLAKE 4 SE CA US,411.2,38.9238,-122.5672,1221,2942,313,-2629,1878,-1064,1375,-1567
CLEARLAKE 4 SE CA US,411.2,38.9238,-122.5672,1222,2963,313,-2650,1878,-1085,1375,-1588
CLEARLAKE 4 SE CA US,411.2,38.9238,-122.5672,1223,2984,313,-2671,1878,-1106,1375,-1609
CLEARLAKE 4 SE CA US,411.2,38.9238,-122.5672,1224,3004,313,-2691,1878,-1126,1375,-1629
CLEARLAKE 4 SE CA US,411.2,38.9238,-122.5672,1225,3024,313,-2711,1878,-1146,1375,-1649
CLEARLAKE 4 SE CA US,411.2,38.9238,-122.5672,1226,3045,313,-2732,1878,-1167,1375,-1670
CLEARLAKE 4 SE CA US,411.2,38.9238,-122.5672,1227,3065,313,-2752,1878,-1187,1375,-1690
CLEARLAKE 4 SE CA US,411.2,38.9238,-122.5672,1228,3085,313,-2772,1878,-1207,1375,-1710
CLEARLAKE 4 SE CA US,411.2,38.9238,-122.5672,1229,3104,313,-2791,1878,-1226,1375,-1729
CLEARLAKE 4 SE CA US,411.2,38.9238,-122.5672,1230,3123,313,-2810,1878,-1245,1375,-1748
CLEARLAKE 4 SE CA US,411.2,38.9238,-122.5672,1231,3142,313,-2829,1878,-1264,1375,-1767
IRVINE RANCH CA US,164.6,33.72,-117.723,0101,13,0,-13,0,-13,0,-13
IRVINE RANCH CA US,164.6,33.72,-117.723,0102,26,0,-26,0,-26,0,-26
IRVINE RANCH CA US,164.6,33.72,-117.723,0103,39,0,-39,0,-39,0,-39
IRVINE RANCH CA US,164.6,33.72,-117.723,0104,51,0,-51,0,-51,0,-51
IRVINE RANCH CA US,164.6,33.72,-117.723,0105,62,0,-62,0,-62,0,-62
IRVINE RANCH CA US,164.6,33.72,-117.723,0106,71,33,-38,0,-71,0,-71
IRVINE RANCH CA US,164.6,33.72,-117.723,0107,81,33,-48,0,-81,0,-81
IRVINE RANCH CA US,164.6,33.72,-117.723,0108,91,33,-58,0,-91,0,-91
IRVINE RANCH CA US,164.6,33.72,-117.723,0109,102,33,-69,0,-102,0,-102
IRVINE RANCH CA US,164.6,33.72,-117.723,0110,112,74,-38,0,-112,0,-112
IRVINE RANCH CA US,164.6,33.72,-117.723,0111,122,74,-48,0,-122,284,162
IRVINE RANCH CA US,164.6,33.72,-117.723,0112,132,74,-58,0,-132,284,152
IRVINE RANCH CA US,164.6,33.72,-117.723,0113,142,74,-68,0,-142,284,142
IRVINE RANCH CA US,164.6,33.72,-117.723,0114,153,74,-79,0,-153,284,131
IRVINE RANCH CA US,164.6,33.72,-117.723,0115,163,74,-89,0,-163,284,121
IRVINE RANCH CA US,164.6,33.72,-117.723,0116,173,74,-99,0,-173,284,111
IRVINE RANCH CA US,164.6,33.72,-117.723,0117,183,74,-109,0,-183,284,101
IRVINE RANCH CA US,164.6,33.72,-117.723,0118,191,74,-117,0,-191,284,93
IRVINE RANCH CA US,164.6,33.72,-117.723,0119,199,74,-125,0,-199,284,85
IRVINE RANCH CA US,164.6,33.72,-117.723,0120,207,74,-133,0,-207,284,77
IRVINE RANCH CA US,164.6,33.72,-117.723,0121,216,74,-142,0,-216,284,68
IRVINE RANCH CA US,164.6,33.72,-117.723,0122,224,74,-150,0,-224,284,60
IRVINE RANCH CA US,164.6,33.72,-117.723,0123,234,74,-160,0,-234,284,50
IRVINE RANCH CA US,164.6,33.72,-117.723,0124,242,176,-66,0,-242,284,42
IRVINE RANCH CA US,164.6,33.72,-117.723,0125,248,240,-8,0,-248,284,36
IRVINE RANCH CA US,164.6,33.72,-117.723,0126,255,362,107,0,-255,345,90
IRVINE RANCH CA US,164.6,33.72,-117.723,0127,262,362,100,0,-262,345,83
IRVINE RANCH CA US,164.6,33.72,-117.723,0128,269,362,93,0,-269,345,76
IRVINE RANCH CA US,164.6,33.72,-117.723,0129,277,362,85,0,-277,345,68
IRVINE RANCH CA US,164.6,33.72,-117.723,0130,284,362,78,0,-284,345,61
IRVINE RANCH CA US,164.6,33.72,-117.723,0131,292,362,70,5,-287,345,53
IRVINE RANCH CA US,164.6,33.72,-117.723,0201,302,362,60,5,-297,345,43
IRVINE RANCH CA US,164.6,33.72,-117.723,0202,311,362,51,5,-306,345,34
IRVINE RANCH CA US,164.6,33.72,-117.723,0203,320,362,42,5,-315,345,25
IRVINE RANCH CA US,164.6,33.72,-117.723,0204,329,362,33,5,-324,345,16
IRVINE RANCH CA US,164.6,33.72,-117.723,0205,338,362,24,5,-333,345,7
IRVINE RANCH CA US,164.6,33.72,-117.723,0206,347,362,15,5,-342,345,-2
IRVINE RANCH CA US,164.6,33.72,-117.723,0207,357,362,5,43,-314,345,-12
IRVINE RANCH CA US,164.6,33.72,-117.723,0208,368,433,65,43,-325,345,-23
IRVINE RANCH CA US,164.6,33.72,-117.723,0209,381,433,52,43,-338,345,-36
IRVINE RANCH CA US,164.6,33.72,-117.723,0210,393,433,40,43,-350,345,-48
IRVINE RANCH CA US,164.6,33.72,-117.723,0211,404,433,29,43,-361,345,-59
IRVINE RANCH CA US,164.6,33.72,-117.723,0212,417,433,16,43,-374,345,-72
IRVINE RANCH CA US,164.6,33.72,-117.723,0213,430,433,3,43,-387,345,-85
IRVINE RANCH CA US,164.6,33.72,-117.723,0214,444,433,-11,43,-401,345,-99
IRVINE RANCH CA US,164.6,33.72,-117.723,0215,458,433,-25,43,-415,345,-113
IRVINE RANCH CA US,164.6,33.72,-117.723,0216,473,433,-40,43,-430,345,-128
IRVINE RANCH CA US,164.6,33.72,-117.723,0217,487,433,-54,43,-444,345,-142
IRVINE RANCH CA US,164.6,33.72,-117.723,0218,502,433,-69,43,-459,345,-157
IRVINE RANCH CA US,164.6,33.72,-117.723,0219,516,433,-83,43,-473,345,-171
IRVINE RANCH CA US,164.6,33.72,-117.723,0220,530,481,-49,43,-487,345,-185
IRVINE RANCH CA US,164.6,33.72,-117.723,0221,543,481,-62,43,-500,345,-198
IRVINE RANCH CA US,164.6,33.72,-117.723,0222,556,481,-75,43,-513,345,-211
IRVINE RANCH CA US,164.6,33.72,-117.723,0223,568,481,-87,43,-525,477,-91
IRVINE RANCH CA US,164.6,33.72,-117.723,0224,580,481,-99,43,-537,477,-103
IRVINE RANCH CA US,164.6,33.72,-117.723,0225,591,481,-110,43,-548,477,-114
IRVINE RANCH CA US,164.6,33.72,-117.723,0226,602,481,-121,43,-559,477,-125
IRVINE RANCH CA US,164.6,33.72,-117.723,0227,613,481,-132,43,-570,477,-136
IRVINE RANCH CA US,164.6,33.72,-117.723,0228,623,481,-142,411,-212,477,-146
IRVINE RANCH CA US,164.6,33.72,-117.723,0301,640,481,-159,538,-102,477,-163
IRVINE RANCH CA US,164.6,33.72,-117.723,0302,656,481,-175,604,-52,612,-44
IRVINE RANCH CA US,164.6,33.72,-117.723,0303,673,481,-192,604,-69,612,-61
IRVINE RANCH CA US,164.6,33.72,-117.723,0304,688,481,-207,604,-84,612,-76
IRVINE RANCH CA US,164.6,33.72,-117.723,0305,703,481,-222,604,-99,612,-91
IRVINE RANCH CA US,164.6,33.72,-117.723,0306,716,481,-235,604,-112,612,-104
IRVINE RANCH CA US,164.6,33.72,-117.723,0307,728,491,-237,604,-124,612,-116
IRVINE RANCH CA US,164.6,33.72,-117.723,0308,739,628,-111,604,-135,612,-127
IRVINE RANCH CA US,164.6,33.72,-117.723,0309,748,669,-79,604,-144,612,-136
IRVINE RANCH CA US,164.6,33.72,-117.723,0310,755,669,-86,604,-151,612,-143
IRVINE RANCH CA US,164.6,33.72,-117.723,0311,763,669,-94,604,-159,612,-151
IRVINE RANCH CA US,164.6,33.72,-117.723,0312,770,669,-101,604,-166,612,-158
IRVINE RANCH CA US,164.6,33.72,-117.723,0313,776,669,-107,604,-172,612,-164
IRVINE RANCH CA US,164.6,33.72,-117.723,0314,780,669,-111,604,-176,612,-168
IRVINE RANCH CA US,164.6,33.72,-117.723,0315,783,669,-114,604,-179,612,-171
IRVINE RANCH CA US,164.6,33.72,-117.723,0316,786,669,-117,604,-182,612,-174
IRVINE RANCH CA US,164.6,33.72,-117.723,0317,788,669,-119,604,-184,612,-176
IRVINE RANCH CA US,164.6,33.72,-117.723,0318,791,669,-122,604,-187,612,-179
IRVINE RANCH CA US,164.6,33.72,-117.723,0319,793,669,-124,604,-189,612,-181
IRVINE RANCH CA US,164.6,33.72,-117.723,0320,795,669,-126,604,-191,612,-183
IRVINE RANCH CA US,164.6,33.72,-117.723,0321,797,669,-128,604,-193,612,-185
IRVINE RANCH CA US,164.6,33.72,-117.723,0322,801,669,-132,604,-197,612,-189
IRVINE RANCH CA US,164.6,33.72,-117.723,0323,805,669,-136,604,-201,612,-193
IRVINE RANCH CA US,164.6,33.72,-117.723,0324,808,669,-139,604,-204,612,-196
IRVINE RANCH CA US,164.6,33.72,-117.723,0325,812,669,-143,604,-208,612,-200
IRVINE RANCH CA US,164.6,33.72,-117.723,0326,816,669,-147,604,-212,612,-204
IRVINE RANCH CA US,164.6,33.72,-117.723,0327,820,669,-151,604,-216,612,-208
IRVINE RANCH CA US,164.6,33.72,-117.723,0328,823,669,-154,604,-219,612,-211
IRVINE RANCH CA US,164.6,33.72,-117.723,0329,828,669,-159,604,-224,612,-216
IRVINE RANCH CA US,164.6,33.72,-117.723,0330,832,669,-163,604,-228,612,-220
IRVINE RANCH CA US,164.6,33.72,-117.723,0331,837,669,-168,604,-233,612,-225
IRVINE RANCH CA US,164.6,33.72,-117.723,0401,840,669,-171,629,-211,612,-228
IRVINE RANCH CA US,164.6,33.72,-117.723,0402,843,669,-174,662,-181,612,-231
IRVINE RANCH CA US,164.6,33.72,-117.723,0403,847,669,-178,662,-185,612,-235
IRVINE RANCH CA US,164.6,33.72,-117.723,0404,850,669,-181,662,-188,612,-238
IRVINE RANCH CA US,164.6,33.72,-117.723,0405,853,669,-184,662,-191,612,-241
IRVINE RANCH CA US,164.6,33.72,-117.723,0406,856,669,-187,662,-194,612,-244
IRVINE RANCH CA US,164.6,33.72,-117.723,0407,859,669,-190,662,-197,612,-247
IRVINE RANCH CA US,164.6,33.72,-117.723,0408,863,669,-194,662,-201,612,-251
IRVINE RANCH CA US,164.6,33.72,-117.723,0409,866,669,-197,662,-204,612,-254
IRVINE RANCH CA US,164.6,33.72,-117.723,0410,869,669,-200,662,-207,612,-257
IRVINE RANCH CA US,164.6,33.72,-117.723,0411,873,669,-204,662,-211,612,-261
IRVINE RANCH CA US,164.6,33.72,-117.723,0412,877,669,-208,662,-215,612,-265
IRVINE RANCH CA US,164.6,33.72,-117.723,0413,880,669,-211,662,-218,612,-268
IRVINE RANCH CA US,164.6,33.72,-117.723,0414,884,669,-215,662,-222,612,-272
IRVINE RANCH CA US,164.6,33.72,-117.723,0415,888,677,-211,662,-226,612,-276
IRVINE RANCH CA US,164.6,33.72,-117.723,0416,892,677,-215,662,-230,612,-280
IRVINE RANCH CA US,164.6,33.72,-117.723,0417,895,677,-218,662,-233,612,-283
IRVINE RANCH CA US,164.6,33.72,-117.723,0418,899,677,-222,662,-237,612,-287
IRVINE RANCH CA US,164.6,33.72,-117.723,0419,902,677,-225,662,-240,612,-290
IRVINE RANCH CA US,164.6,33.72,-117.723,0420,905,677,-228,662,-243,612,-293
IRVINE RANCH CA US,164.6,33.72,-117.723,0421,907,677,-230,662,-245,612,-295
IRVINE RANCH CA US,164.6,33.72,-117.723,0422,910,677,-233,662,-248,612,-298
IRVINE RANCH CA US,164.6,33.72,-117.723,0423,913,677,-236,662,-251,612,-301
IRVINE RANCH CA US,164.6,33.72,-117.723,0424,916,677,-239,662,-254,612,-304
IRVINE RANCH CA US,164.6,33.72,-117.723,0425,919,677,-242,662,-257,612,-307
IRVINE RANCH CA US,164.6,33.72,-117.723,0426,922,677,-245,728,-194,612,-310
IRVINE RANCH CA US,164.6,33.72,-117.723,0427,924,677,-247,728,-196,612,-312
IRVINE RANCH CA US,164.6,33.72,-117.723,0428,927,677,-250,728,-199,612,-315
IRVINE RANCH CA US,164.6,33.72,-117.723,0429,929,677,-252,728,-201,612,-317
IRVINE RANCH CA US,164.6,33.72,-117.723,0430,931,677,-254,728,-203,612,-319
IRVINE RANCH CA US,164.6,33.72,-117.723,0501,933,677,-256,728,-205,612,-321
IRVINE RANCH CA US,164.6,33.72,-117.723,0502,934,677,-257,728,-206,612,-322
IRVINE RANCH CA US,164.6,33.72,-117.723,0503,936,677,-259,728,-208,612,-324
IRVINE RANCH CA US,164.6,33.72,-117.723,0504,937,677,-260,728,-209,612,-325
IRVINE RANCH CA US,164.6,33.72,-117.723,0505,939,677,-262,728,-211,612,-327
IRVINE RANCH CA US,164.6,33.72,-117.723,0506,940,758,-182,728,-212,612,-328
IRVINE RANCH CA US,164.6,33.72,-117.723,0507,941,783,-158,728,-213,612,-329
IRVINE RANCH CA US,164.6,33.72,-117.723,0508,943,793,-150,728,-215,612,-331
IRVINE RANCH CA US,164.6,33.72,-117.723,0509,944,793,-151,728,-216,612,-332
IRVINE RANCH CA US,164.6,33.72,-117.723,0510,945,793,-152,728,-217,612,-333
IRVINE RANCH CA US,164.6,33.72,-117.723,0511,946,793,-153,728,-218,612,-334
IRVINE RANCH CA US,164.6,33.72,-117.723,0512,947,793,-154,728,-219,612,-335
IRVINE RANCH CA US,164.6,33.72,-117.723,0513,948,793,-155,728,-220,612,-336
IRVINE RANCH CA US,164.6,33.72,-117.723,0514,949,793,-156,728,-221,612,-337
IRVINE RANCH CA US,164.6,33.72,-117.723,0515,950,793,-157,728,-222,612,-338
IRVINE RANCH CA US,164.6,33.72,-117.723,0516,950,793,-157,728,-222,612,-338
IRVINE RANCH CA US,164.6,33.72,-117.723,0517,951,793,-158,728,-223,612,-339
IRVINE RANCH CA US,164.6,33.72,-117.723,0518,952,793,-159,728,-224,612,-340
IRVINE RANCH CA US,164.6,33.72,-117.723,0519,953,793,-160,728,-225,612,-341
IRVINE RANCH CA US,164.6,33.72,-117.723,0520,954,793,-161,728,-226,612,-342
IRVINE RANCH CA US,164.6,33.72,-117.723,0521,954,793,-161,728,-226,612,-342
IRVINE RANCH CA US,164.6,33.72,-117.723,0522,955,793,-162,728,-227,612,-343
IRVINE RANCH CA US,164.6,33.72,-117.723,0523,955,793,-162,728,-227,612,-343
IRVINE RANCH CA US,164.6,33.72,-117.723,0524,955,793,-162,728,-227,612,-343
IRVINE RANCH CA US,164.6,33.72,-117.723,0525,956,793,-163,728,-228,612,-344
IRVINE RANCH CA US,164.6,33.72,-117.723,0526,956,793,-163,728,-228,612,-344
IRVINE RANCH CA US,164.6,33.72,-117.723,0527,957,793,-164,728,-229,612,-345
IRVINE RANCH CA US,164.6,33.72,-117.723,0528,957,793,-164,728,-229,612,-345
IRVINE RANCH CA US,164.6,33.72,-117.723,0529,958,793,-165,728,-230,612,-346
IRVINE RANCH CA US,164.6,33.72,-117.723,0530,958,793,-165,728,-230,612,-346
IRVINE RANCH CA US,164.6,33.72,-117.723,0531,959,793,-166,728,-231,612,-347
IRVINE RANCH CA US,164.6,33.72,-117.723,0601,960,793,-167,728,-232,612,-348
IRVINE RANCH CA US,164.6,33.72,-117.723,0602,961,793,-168,728,-233,612,-349
IRVINE RANCH CA US,164.6,33.72,-117.723,0603,962,793,-169,728,-234,612,-350
IRVINE RANCH CA US,164.6,33.72,-117.723,0604,963,793,-170,728,-235,612,-351
IRVINE RANCH CA US,164.6,33.72,-117.723,0605,964,793,-171,728,-236,612,-352
IRVINE RANCH CA US,164.6,33.72,-117.723,0606,965,793,-172,728,-237,612,-353
IRVINE RANCH CA US,164.6,33.72,-117.723,0607,965,793,-172,728,-237,612,-353
IRVINE RANCH CA US,164.6,33.72,-117.723,0608,965,793,-172,728,-237,612,-353
IRVINE RANCH CA US,164.6,33.72,-117.723,0609,966,793,-173,728,-238,612,-354
IRVINE RANCH CA US,164.6,33.72,-117.723,0610,966,793,-173,728,-238,612,-354
IRVINE RANCH CA US,164.6,33.72,-117.723,0611,966,793,-173,728,-238,612,-354
IRVINE RANCH CA US,164.6,33.72,-117.723,0612,967,793,-174,728,-239,612,-355
IRVINE RANCH CA US,164.6,33.72,-117.723,0613,967,793,-174,728,-239,612,-355
IRVINE RANCH CA US,164.6,33.72,-117.723,0614,967,793,-174,728,-239,612,-355
IRVINE RANCH CA US,164.6,33.72,-117.723,0615,968,793,-175,728,-240,612,-356
IRVINE RANCH CA US,164.6,33.72,-117.723,0616,968,793,-175,728,-240,612,-356
IRVINE RANCH CA US,164.6,33.72,-117.723,0617,968,793,-175,728,-240,612,-356
IRVINE RANCH CA US,164.6,33.72,-117.723,0618,969,793,-176,728,-241,612,-357
IRVINE RANCH CA US,164.6,33.72,-117.723,0619,969,793,-176,728,-241,612,-357
IRVINE RANCH CA US,164.6,33.72,-117.723,0620,969,793,-176,728,-241,612,-357
IRVINE RANCH CA US,164.6,33.72,-117.723,0621,969,793,-176,728,-241,612,-357
IRVINE RANCH CA US,164.6,33.72,-117.723,0622,970,793,-177,728,-242,612,-358
IRVINE RANCH CA US,164.6,33.72,-117.723,0623,970,793,-177,728,-242,612,-358
IRVINE RANCH CA US,164.6,33.72,-117.723,0624,970,793,-177,728,-242,612,-358
IRVINE RANCH CA US,164.6,33.72,-117.723,0625,971,793,-178,728,-243,612,-359
IRVINE RANCH CA US,164.6,33.72,-117.723,0626,971,793,-178,728,-243,612,-359
IRVINE RANCH CA US,164.6,33.72,-117.723,0627,971,793,-178,728,-243,612,-359
IRVINE RANCH CA US,164.6,33.72,-117.723,0628,971,793,-178,728,-243,612,-359
IRVINE RANCH CA US,164.6,33.72,-117.723,0629,971,793,-178,728,-243,612,-359
IRVINE RANCH CA US,164.6,33.72,-117.723,0630,971,793,-178,728,-243,612,-359
IRVINE RANCH CA US,164.6,33.72,-117.723,0701,971,793,-178,728,-243,612,-359
IRVINE RANCH CA US,164.6,33.72,-117.723,0702,971,793,-178,728,-243,612,-359
IRVINE RANCH CA US,164.6,33.72,-117.723,0703,971,793,-178,728,-243,612,-359
IRVINE RANCH CA US,164.6,33.72,-117.723,0704,971,793,-178,728,-243,612,-359
IRVINE RANCH CA US,164.6,33.72,-117.723,0705,971,793,-178,728,-243,612,-359
IRVINE RANCH CA US,164.6,33.72,-117.723,0706,972,793,-179,728,-244,612,-360
IRVINE RANCH CA US,164.6,33.72,-117.723,0707,972,793,-179,728,-244,612,-360
IRVINE RANCH CA US,164.6,33.72,-117.723,0708,972,793,-179,728,-244,612,-360
IRVINE RANCH CA US,164.6,33.72,-117.723,0709,972,793,-179,728,-244,612,-360
IRVINE RANCH CA US,164.6,33.72,-117.723,0710,972,793,-179,728,-244,612,-360
IRVINE RANCH CA US,164.6,33.72,-117.723,0711,972,793,-179,728,-244,612,-360
IRVINE RANCH CA US,164.6,33.72,-117.723,0712,972,793,-179,728,-244,612,-360
IRVINE RANCH CA US,164.6,33.72,-117.723,0713,972,793,-179,728,-244,612,-360
IRVINE RANCH CA US,164.6,33.72,-117.723,0714,973,793,-180,728,-245,612,-361
IRVINE RANCH CA US,164.6,33.72,-117.723,0715,973,793,-180,728,-245,612,-361
IRVINE RANCH CA US,164.6,33.72,-117.723,0716,973,793,-180,728,-245,612,-361
IRVINE RANCH CA US,164.6,33.72,-117.723,0717,973,793,-180,728,-245,612,-361
IRVINE RANCH CA US,164.6,33.72,-117.723,0718,973,793,-180,728,-245,612,-361
IRVINE RANCH CA US,164.6,33.72,-117.723,0719,973,793,-180,728,-245,612,-361
IRVINE RANCH CA US,164.6,33.72,-117.723,0720,974,793,-181,728,-246,612,-362
IRVINE RANCH CA US,164.6,33.72,-117.723,0721,974,793,-181,728,-246,612,-362
IRVINE RANCH CA US,164.6,33.72,-117.723,0722,974,793,-181,728,-246,612,-362
IRVINE RANCH CA US,164.6,33.72,-117.723,0723,974,793,-181,728,-246,612,-362
IRVINE RANCH CA US,164.6,33.72,-117.723,0724,974,793,-181,728,-246,612,-362
IRVINE RANCH CA US,164.6,33.72,-117.723,0725,975,793,-182,728,-247,612,-363
IRVINE RANCH CA US,164.6,33.72,-117.723,0726,975,793,-182,728,-247,612,-363
IRVINE RANCH CA US,164.6,33.72,-117.723,0727,975,793,-182,728,-247,612,-363
IRVINE RANCH CA US,164.6,33.72,-117.723,0728,975,793,-182,728,-247,612,-363
IRVINE RANCH CA US,164.6,33.72,-117.723,0729,976,793,-183,728,-248,612,-364
IRVINE RANCH CA US,164.6,33.72,-117.723,0730,976,793,-183,728,-248,612,-364
IRVINE RANCH CA US,164.6,33.72,-117.723,0731,976,793,-183,728,-248,612,-364
IRVINE RANCH CA US,164.6,33.72,-117.723,0801,976,793,-183,728,-248,612,-364
IRVINE RANCH CA US,164.6,33.72,-117.723,0802,977,793,-184,728,-249,612,-365
IRVINE RANCH CA US,164.6,33.72,-117.723,0803,977,793,-184,741,-236,612,-365
IRVINE RANCH CA US,164.6,33.72,-117.723,0804,977,793,-184,741,-236,612,-365
IRVINE RANCH CA US,164.6,33.72,-117.723,0805,978,793,-185,741,-237,612,-366
IRVINE RANCH CA US,164.6,33.72,-117.723,0806,978,793,-185,741,-237,612,-366
IRVINE RANCH CA US,164.6,33.72,-117.723,0807,978,793,-185,741,-237,612,-366
IRVINE RANCH CA US,164.6,33.72,-117.723,0808,978,793,-185,741,-237,612,-366
IRVINE RANCH CA US,164.6,33.72,-117.723,0809,979,793,-186,741,-238,612,-367
IRVINE RANCH CA US,164.6,33.72,-117.723,0810,979,793,-186,741,-238,612,-367
IRVINE RANCH CA US,164.6,33.72,-117.723,0811,979,793,-186,741,-238,612,-367
IRVINE RANCH CA US,164.6,33.72,-117.723,0812,979,793,-186,741,-238,612,-367
IRVINE RANCH CA US,164.6,33.72,-117.723,0813,980,793,-187,741,-239,612,-368
IRVINE RANCH CA US,164.6,33.72,-117.723,0814,980,793,-187,741,-239,612,-368
IRVINE RANCH CA US,164.6,33.72,-117.723,0815,980,793,-187,741,-239,612,-368
IRVINE RANCH CA US,164.6,33.72,-117.723,0816,980,793,-187,741,-239,612,-368
IRVINE RANCH CA US,164.6,33.72,-117.723,0817,981,793,-188,741,-240,612,-369
IRVINE RANCH CA US,164.6,33.72,-117.723,0818,981,793,-188,741,-240,612,-369
IRVINE RANCH CA US,164.6,33.72,-117.723,0819,981,793,-188,741,-240,612,-369
IRVINE RANCH CA US,164.6,33.72,-117.723,0820,981,793,-188,741,-240,612,-369
IRVINE RANCH CA US,164.6,33.72,-117.723,0821,981,793,-188,741,-240,612,-369
IRVINE RANCH CA US,164.6,33.72,-117.723,0822,981,793,-188,741,-240,612,-369
IRVINE RANCH CA US,164.6,33.72,-117.723,0823,981,793,-188,741,-240,612,-369
IRVINE RANCH CA US,164.6,33.72,-117.723,0824,981,793,-188,741,-240,612,-369
IRVINE RANCH CA US,164.6,33.72,-117.723,0825,981,793,-188,741,-240,612,-369
IRVINE RANCH CA US,164.6,33.72,-117.723,0826,981,793,-188,741,-240,612,-369
IRVINE RANCH CA US,164.6,33.72,-117.723,0827,981,793,-188,741,-240,612,-369
IRVINE RANCH CA US,164.6,33.72,-117.723,0828,981,793,-188,741,-240,612,-369
IRVINE RANCH CA US,164.6,33.72,-117.723,0829,981,793,-188,741,-240,612,-369
IRVINE RANCH CA US,164.6,33.72,-117.723,0830,981,793,-188,741,-240,612,-369
IRVINE RANCH CA US,164.6,33.72,-117.723,0831,981,793,-188,741,-240,612,-369
IRVINE RANCH CA US,164.6,33.72,-117.723,0901,981,793,-188,741,-240,612,-369
IRVINE RANCH CA US,164.6,33.72,-117.723,0902,981,793,-188,741,-240,612,-369
IRVINE RANCH CA US,164.6,33.72,-117.723,0903,981,793,-188,741,-240,612,-369
IRVINE RANCH CA US,164.6,33.72,-117.723,0904,981,793,-188,741,-240,612,-369
IRVINE RANCH CA US,164.6,33.72,-117.723,0905,981,793,-188,741,-240,612,-369
IRVINE RANCH CA US,164.6,33.72,-117.723,0906,981,793,-188,741,-240,612,-369
IRVINE RANCH CA US,164.6,33.72,-117.723,0907,981,793,-188,741,-240,612,-369
IRVINE RANCH CA US,164.6,33.72,-117.723,0908,982,793,-189,741,-241,612,-370
IRVINE RANCH CA US,164.6,33.72,-117.723,0909,982,793,-189,741,-241,612,-370
IRVINE RANCH CA US,164.6,33.72,-117.723,0910,983,793,-190,741,-242,612,-371
IRVINE RANCH CA US,164.6,33.72,-117.723,0911,983,793,-190,741,-242,612,-371
IRVINE RANCH CA US,164.6,33.72,-117.723,0912,983,793,-190,741,-242,612,-371
IRVINE RANCH CA US,164.6,33.72,-117.723,0913,984,793,-191,741,-243,612,-372
IRVINE RANCH CA US,164.6,33.72,-117.723,0914,984,793,-191,741,-243,612,-372
IRVINE RANCH CA US,164.6,33.72,-117.723,0915,985,793,-192,741,-244,612,-373
IRVINE RANCH CA US,164.6,33.72,-117.723,0916,985,793,-192,741,-244,612,-373
IRVINE RANCH CA US,164.6,33.72,-117.723,0917,986,793,-193,741,-245,612,-374
IRVINE RANCH CA US,164.6,33.72,-117.723,0918,986,793,-193,741,-245,612,-374
IRVINE RANCH CA US,164.6,33.72,-117.723,0919,987,793,-194,741,-246,612,-375
IRVINE RANCH CA US,164.6,33.72,-117.723,0920,988,793,-195,741,-247,612,-376
IRVINE RANCH CA US,164.6,33.72,-117.723,0921,988,793,-195,741,-247,612,-376
IRVINE RANCH CA US,164.6,33.72,-117.723,0922,990,793,-197,741,-249,612,-378
IRVINE RANCH CA US,164.6,33.72,-117.723,0923,991,793,-198,741,-250,612,-379
IRVINE RANCH CA US,164.6,33.72,-117.723,0924,992,793,-199,741,-251,612,-380
IRVINE RANCH CA US,164.6,33.72,-117.723,0925,994,793,-201,741,-253,612,-382
IRVINE RANCH CA US,164.6,33.72,-117.723,0926,995,793,-202,741,-254,612,-383
IRVINE RANCH CA US,164.6,33.72,-117.723,0927,996,793,-203,741,-255,612,-384
IRVINE RANCH CA US,164.6,33.72,-117.723,0928,998,793,-205,741,-257,612,-386
IRVINE RANCH CA US,164.6,33.72,-117.723,0929,999,793,-206,741,-258,612,-387
IRVINE RANCH CA US,164.6,33.72,-117.723,0930,1001,793,-208,741,-260,612,-389
IRVINE RANCH CA US,164.6,33.72,-117.723,1001,1002,793,-209,741,-261,612,-390
IRVINE RANCH CA US,164.6,33.72,-117.723,1002,1002,793,-209,741,-261,612,-390
IRVINE RANCH CA US,164.6,33.72,-117.723,1003,1003,793,-210,741,-262,612,-391
IRVINE RANCH CA US,164.6,33.72,-117.723,1004,1004,793,-211,741,-263,612,-392
IRVINE RANCH CA US,164.6,33.72,-117.723,1005,1004,793,-211,741,-263,612,-392
IRVINE RANCH CA US,164.6,33.72,-117.723,1006,1007,793,-214,741,-266,612,-395
IRVINE RANCH CA US,164.6,33.72,-117.723,1007,1009,793,-216,741,-268,612,-397
IRVINE RANCH CA US,164.6,33.72,-117.723,1008,1011,793,-218,741,-270,612,-399
IRVINE RANCH CA US,164.6,33.72,-117.723,1009,1013,823,-190,741,-272,612,-401
IRVINE RANCH CA US,164.6,33.72,-117.723,1010,1015,823,-192,741,-274,612,-403
IRVINE RANCH CA US,164.6,33.72,-117.723,1011,1017,823,-194,741,-276,612,-405
IRVINE RANCH CA US,164.6,33.72,-117.723,1012,1019,823,-196,741,-278,612,-407
IRVINE RANCH CA US,164.6,33.72,-117.723,1013,1022,823,-199,741,-281,612,-410
IRVINE RANCH CA US,164.6,33.72,-117.723,1014,1025,823,-202,741,-284,612,-413
IRVINE RANCH CA US,164.6,33.72,-117.723,1015,1028,823,-205,741,-287,612,-416
IRVINE RANCH CA US,164.6,33.72,-117.723,1016,1031,823,-208,741,-290,612,-419
IRVINE RANCH CA US,164.6,33.72,-117.723,1017,1034,823,-211,741,-293,612,-422
IRVINE RANCH CA US,164.6,33.72,-117.723,1018,1037,823,-214,741,-296,612,-425
IRVINE RANCH CA US,164.6,33.72,-117.723,1019,1040,823,-217,741,-299,612,-428
IRVINE RANCH CA US,164.6,33.72,-117.723,1020,1043,823,-220,741,-302,612,-431
IRVINE RANCH CA US,164.6,33.72,-117.723,1021,1046,823,-223,741,-305,612,-434
IRVINE RANCH CA US,164.6,33.72,-117.723,1022,1049,823,-226,741,-308,612,-437
IRVINE RANCH CA US,164.6,33.72,-117.723,1023,1052,823,-229,741,-311,612,-440
IRVINE RANCH CA US,164.6,33.72,-117.723,1024,1055,823,-232,741,-314,612,-443
IRVINE RANCH CA US,164.6,33.72,-117.723,1025,1058,823,-235,741,-317,612,-446
IRVINE RANCH CA US,164.6,33.72,-117.723,1026,1061,823,-238,741,-320,612,-449
IRVINE RANCH CA US,164.6,33.72,-117.723,1027,1064,823,-241,741,-323,612,-452
IRVINE RANCH CA US,164.6,33.72,-117.723,1028,1066,823,-243,741,-325,612,-454
IRVINE RANCH CA US,164.6,33.72,-117.723,1029,1069,884,-185,741,-328,612,-457
IRVINE RANCH CA US,164.6,33.72,-117.723,1030,1072,884,-188,741,-331,612,-460
IRVINE RANCH CA US,164.6,33.72,-117.723,1031,1075,884,-191,741,-334,612,-463
IRVINE RANCH CA US,164.6,33.72,-117.723,1101,1081,884,-197,845,-236,612,-469
IRVINE RANCH CA US,164.6,33.72,-117.723,1102,1086,884,-202,845,-241,612,-474
IRVINE RANCH CA US,164.6,33.72,-117.723,1103,1091,884,-207,845,-246,612,-479
IRVINE RANCH CA US,164.6,33.72,-117.723,1104,1094,884,-210,845,-249,612,-482
IRVINE RANCH CA US,164.6,33.72,-117.723,1105,1096,884,-212,845,-251,612,-484
IRVINE RANCH CA US,164.6,33.72,-117.723,1106,1098,884,-214,845,-253,612,-486
IRVINE RANCH CA US,164.6,33.72,-117.723,1107,1102,884,-218,845,-257,612,-490
IRVINE RANCH CA US,164.6,33.72,-117.723,1108,1105,884,-221,845,-260,612,-493
IRVINE RANCH CA US,164.6,33.72,-117.723,1109,1108,884,-224,845,-263,612,-496
IRVINE RANCH CA US,164.6,33.72,-117.723,1110,1111,884,-227,845,-266,612,-499
IRVINE RANCH CA US,164.6,33.72,-117.723,1111,1113,884,-229,845,-268,612,-501
IRVINE RANCH CA US,164.6,33.72,-117.723,1112,1115,884,-231,845,-270,612,-503
IRVINE RANCH CA US,164.6,33.72,-117.723,1113,1118,884,-234,845,-273,612,-506
IRVINE RANCH CA US,164.6,33.72,-117.723,1114,1120,884,-236,845,-275,612,-508
IRVINE RANCH CA US,164.6,33.72,-117.723,1115,1122,884,-238,845,-277,612,-510
IRVINE RANCH CA US,164.6,33.72,-117.723,1116,1126,884,-242,845,-281,612,-514
IRVINE RANCH CA US,164.6,33.72,-117.723,1117,1129,884,-245,845,-284,612,-517
IRVINE RANCH CA US,164.6,33.72,-117.723,1118,1133,884,-249,845,-288,612,-521
IRVINE RANCH CA US,164.6,33.72,-117.723,1119,1136,884,-252,845,-291,612,-524
IRVINE RANCH CA US,164.6,33.72,-117.723,1120,1139,884,-255,845,-294,612,-527
IRVINE RANCH CA US,164.6,33.72,-117.723,1121,1143,973,-170,853,-290,612,-531
IRVINE RANCH CA US,164.6,33.72,-117.723,1122,1146,996,-150,853,-293,612,-534
IRVINE RANCH CA US,164.6,33.72,-117.723,1123,1152,996,-156,853,-299,612,-540
IRVINE RANCH CA US,164.6,33.72,-117.723,1124,1157,996,-161,853,-304,612,-545
IRVINE RANCH CA US,164.6,33.72,-117.723,1125,1162,996,-166,853,-309,612,-550
IRVINE RANCH CA US,164.6,33.72,-117.723,1126,1167,996,-171,853,-314,612,-555
IRVINE RANCH CA US,164.6,33.72,-117.723,1127,1173,996,-177,853,-320,612,-561
IRVINE RANCH CA US,164.6,33.72,-117.723,1128,1179,996,-183,853,-326,612,-567
IRVINE RANCH CA US,164.6,33.72,-117.723,1129,1186,1029,-157,853,-333,612,-574
IRVINE RANCH CA US,164.6,33.72,-117.723,1130,1192,1029,-163,853,-339,612,-580
IRVINE RANCH CA US,164.6,33.72,-117.723,1201,1196,1029,-167,853,-343,612,-584
IRVINE RANCH CA US,164.6,33.72,-117.723,1202,1200,1029,-171,970,-230,612,-588
IRVINE RANCH CA US,164.6,33.72,-117.723,1203,1204,1029,-175,1138,-66,612,-592
IRVINE RANCH CA US,164.6,33.72,-117.723,1204,1208,1029,-179,1354,146,612,-596
IRVINE RANCH CA US,164.6,33.72,-117.723,1205,1213,1029,-184,1354,141,612,-601
IRVINE RANCH CA US,164.6,33.72,-117.723,1206,1218,1029,-189,1354,136,612,-606
IRVINE RANCH CA US,164.6,33.72,-117.723,1207,1225,1156,-69,1354,129,612,-613
IRVINE RANCH CA US,164.6,33.72,-117.723,1208,1233,1156,-77,1354,121,612,-621
IRVINE RANCH CA US,164.6,33.72,-117.723,1209,1241,1156,-85,1354,113,612,-629
IRVINE RANCH CA US,164.6,33.72,-117.723,1210,1249,1156,-93,1354,105,612,-637
IRVINE RANCH CA US,164.6,33.72,-117.723,1211,1257,1156,-101,1354,97,612,-645
IRVINE RANCH CA US,164.6,33.72,-117.723,1212,1265,1156,-109,1788,523,612,-653
IRVINE RANCH CA US,164.6,33.72,-117.723,1213,1272,1156,-116,1788,516,612,-660
IRVINE RANCH CA US,164.6,33.72,-117.723,1214,1280,1156,-124,1788,508,612,-668
IRVINE RANCH CA US,164.6,33.72,-117.723,1215,1288,1156,-132,1788,500,612,-676
IRVINE RANCH CA US,164.6,33.72,-117.723,1216,1296,1156,-140,1788,492,612,-684
IRVINE RANCH CA US,164.6,33.72,-117.723,1217,1303,1156,-147,1813,510,612,-691
IRVINE RANCH CA US,164.6,33.72,-117.723,1218,1311,1156,-155,1813,502,612,-699
IRVINE RANCH CA US,164.6,33.72,-117.723,1219,1319,1278,-41,1813,494,612,-707
IRVINE RANCH CA US,164.6,33.72,-117.723,1220,1328,1278,-50,1813,485,612,-716
IRVINE RANCH CA US,164.6,33.72,-117.723,1221,1337,1278,-59,1813,476,612,-725
IRVINE RANCH CA US,164.6,33.72,-117.723,1222,1346,1278,-68,1813,467,612,-734
IRVINE RANCH CA US,164.6,33.72,-117.723,1223,1354,1278,-76,1813,459,612,-742
IRVINE RANCH CA US,164.6,33.72,-117.723,1224,1363,1278,-85,1813,450,612,-751
IRVINE RANCH CA US,164.6,33.72,-117.723,1225,1371,1278,-93,1813,442,612,-759
IRVINE RANCH CA US,164.6,33.72,-117.723,1226,1380,1278,-102,1813,433,612,-768
IRVINE RANCH CA US,164.6,33.72,-117.723,1227,1391,1278,-113,1813,422,612,-779
IRVINE RANCH CA US,164.6,33.72,-117.723,1228,1402,1278,-124,1813,411,612,-790
IRVINE RANCH CA US,164.6,33.72,-117.723,1229,1412,1278,-134,1813,401,612,-800
IRVINE RANCH CA US,164.6,33.72,-117.723,1230,1422,1278,-144,1826,404,612,-810
IRVINE RANCH CA US,164.6,33.72,-117.723,1231,1432,1278,-154,1854,422,612,-820
NEW CUYAMA FIRE STATION CA US,658.4,34.9455,-119.6827,0101,5,0,-5,0,-5,0,-5
NEW CUYAMA FIRE STATION CA US,658.4,34.9455,-119.6827,0102,9,0,-9,0,-9,0,-9
NEW CUYAMA FIRE STATION CA US,658.4,34.9455,-119.6827,0103,14,0,-14,0,-14,0,-14
NEW CUYAMA FIRE STATION CA US,658.4,34.9455,-119.6827,0104,18,0,-18,0,-18,0,-18
NEW CUYAMA FIRE STATION CA US,658.4,34.9455,-119.6827,0105,22,0,-22,0,-22,0,-22
NEW CUYAMA FIRE STATION CA US,658.4,34.9455,-119.6827,0106,27,0,-27,0,-27,0,-27
NEW CUYAMA FIRE STATION CA US,658.4,34.9455,-119.6827,0107,32,0,-32,0,-32,0,-32
NEW CUYAMA FIRE STATION CA US,658.4,34.9455,-119.6827,0108,36,0,-36,0,-36,0,-36
NEW CUYAMA FIRE STATION CA US,658.4,34.9455,-119.6827,0109,41,0,-41,0,-41,0,-41
NEW CUYAMA FIRE STATION CA US,658.4,34.9455,-119.6827,0110,45,0,-45,0,-45,0,-45
NEW CUYAMA FIRE STATION CA US,658.4,34.9455,-119.6827,0111,51,0,-51,0,-51,137,86
NEW CUYAMA FIRE STATION CA US,658.4,34.9455,-119.6827,0112,56,0,-56,0,-56,137,81
NEW CUYAMA FIRE STATION CA US,658.4,34.9455,-119.6827,0113,61,0,-61,0,-61,137,76
NEW CUYAMA FIRE STATION CA US,658.4,34.9455,-119.6827,0114,66,0,-66,0,-66,137,71
NEW CUYAMA FIRE STATION CA US,658.4,34.9455,-119.6827,0115,71,0,-71,0,-71,137,66
NEW CUYAMA FIRE STATION CA US,658.4,34.9455,-119.6827,0116,77,0,-77,0,-77,137,60
NEW CUYAMA FIRE STATION CA US,658.4,34.9455,-119.6827,0117,82,0,-82,0,-82,137,55
NEW CUYAMA FIRE STATION CA US,658.4,34.9455,-119.6827,0118,87,0,-87,0,-87,137,50
NEW CUYAMA FIRE STATION CA US,658.4,34.9455,-119.6827,0119,92,0,-92,0,-92,137,45
NEW CUYAMA FIRE STATION CA US,658.4,34.9455,-119.6827,0120,97,0,-97,0,-97,137,40
NEW CUYAMA FIRE STATION CA US,658.4,34.9455,-119.6827,0121,103,0,-103,0,-103,137,34
NEW CUYAMA FIRE STATION CA US,658.4,34.9455,-119.6827,0122,108,0,-108,0,-108,137,29
NEW CUYAMA FIRE STATION CA US,658.4,34.9455,-119.6827,0123,113,0,-113,0,-113,137,24
NEW CUYAMA FIRE STATION CA US,658.4,34.9455,-119.6827,0124,118,30,-88,0,-118,137,19
NEW CUYAMA FIRE STATION CA US,658.4,34.9455,-119.6827,0125,123,30,-93,0,-123,137,14
NEW CUYAMA FIRE STATION CA US,658.4,34.9455,-119.6827,0126,128,30,-98,0,-128,157,29
NEW CUYAMA FIRE STATION CA US,658.4,34.9455,-119.6827,0127,133,30,-103,0,-133,157,24
NEW CUYAMA FIRE STATION CA US,658.4,34.9455,-119.6827,0128,139,30,-109,0,-139,157,18
NEW CUYAMA FIRE STATION CA US,658.4,34.9455,-119.6827,0129,144,30,-114,0,-144,157,13
NEW CUYAMA FIRE STATION CA US,658.4,34.9455,-119.6827,0130,150,30,-120,0,-150,157,7
NEW CUYAMA FIRE STATION CA US,658.4,34.9455,-119.6827,0131,156,30,-126,0,-156,157,1
NEW CUYAMA FIRE STATION CA US,658.4,34.9455,-119.6827,0201,162,30,-132,0,-162,157,-5
NEW CUYAMA FIRE STATION CA US,658.4,34.9455,-119.6827,0202,168,30,-138,0,-168,157,-11
NEW CUYAMA FIRE STATION CA US,658.4,34.9455,-119.6827,0203,175,30,-145,0,-175,157,-18
NEW CUYAMA FIRE STATION CA US,658.4,34.9455,-119.6827,0204,181,30,-151,0,-181,157,-24
NEW CUYAMA FIRE STATION CA US,658.4,34.9455,-119.6827,0205,187,30,-157,0,-187,157,-30
NEW CUYAMA FIRE STATION CA US,658.4,34.9455,-119.6827,0206,194,30,-164,20,-174,157,-37
NEW CUYAMA FIRE STATION CA US,658.4,34.9455,-119.6827,0207,201,30,-171,20,-181,200,-1
NEW CUYAMA FIRE STATION CA US,658.4,34.9455,-119.6827,0208,207,30,-177,20,-187,200,-7
NEW CUYAMA FIRE STATION CA US,658.4,34.9455,-119.6827,0209,213,30,-183,25,-188,200,-13
NEW CUYAMA FIRE STATION CA US,658.4,34.9455,-119.6827,0210,219,30,-189,25,-194,200,-19
NEW CUYAMA FIRE STATION CA US,658.4,34.9455,-119.6827,0211,225,30,-195,25,-200,200,-25
NEW CUYAMA FIRE STATION CA US,658.4,34.9455,-119.6827,0212,231,30,-201,25,-206,200,-31
NEW CUYAMA FIRE STATION CA US,658.4,34.9455,-119.6827,0213,237,30,-207,25,-212,200,-37
NEW CUYAMA FIRE STATION CA US,658.4,34.9455,-119.6827,0214,243,30,-213,25,-218,200,-43
NEW CUYAMA FIRE STATION CA US,658.4,34.9455,-119.6827,0215,249,30,-219,25,-224,200,-49
NEW CUYAMA FIRE STATION CA US,658.4,34.9455,-119.6827,0216,256,30,-226,25,-231,200,-56
NEW CUYAMA FIRE STATION CA US,658.4,34.9455,-119.6827,0217,263,30,-233,25,-238,200,-63
NEW CUYAMA FIRE STATION CA US,658.4,34.9455,-119.6827,0218,269,30,-239,25,-244,200,-69
NEW CUYAMA FIRE STATION CA US,658.4,34.9455,-119.6827,0219,275,30,-245,25,-250,200,-75
NEW CUYAMA FIRE STATION CA US,658.4,34.9455,-119.6827,0220,282,30,-252,25,-257,200,-82
NEW CUYAMA FIRE STATION CA US,658.4,34.9455,-119.6827,0221,289,30,-259,25,-264,200,-89
NEW CUYAMA FIRE STATION CA US,658.4,34.9455,-119.6827,0222,296,30,-266,25,-271,241,-55
NEW CUYAMA FIRE STATION CA US,658.4,34.9455,-119.6827,0223,303,30,-273,25,-278,241,-62
NEW CUYAMA FIRE STATION CA US,658.4,34.9455,-119.6827,0224,309,30,-279,25,-284,241,-68
NEW CUYAMA FIRE STATION CA US,658.4,34.9455,-119.6827,0225,315,30,-285,25,-290,241,-74
NEW CUYAMA FIRE STATION CA US,658.4,34.9455,-119.6827,0226,322,30,-292,38,-284,241,-81
NEW CUYAMA FIRE STATION CA US,658.4,34.9455,-119.6827,0227,328,30,-298,56,-272,241,-87
NEW CUYAMA FIRE STATION CA US,658.4,34.9455,-119.6827,0228,334,30,-304,145,-189,241,-93
NEW CUYAMA FIRE STATION CA US,658.4,34.9455,-119.6827,0301,340,30,-310,181,-159,241,-99
NEW CUYAMA FIRE STATION CA US,658.4,34.9455,-119.6827,0302,346,30,-316,181,-165,287,-59
NEW CUYAMA FIRE STATION CA US,658.4,34.9455,-119.6827,0303,352,30,-322,181,-171,287,-65
NEW CUYAMA FIRE STATION CA US,658.4,34.9455,-119.6827,0304,358,30,-328,181,-177,287,-71
NEW CUYAMA FIRE STATION CA US,658.4,34.9455,-119.6827,0305,365,30,-335,181,-184,287,-78
NEW CUYAMA FIRE STATION CA US,658.4,34.9455,-119.6827,0306,371,30,-341,181,-190,287,-84
NEW CUYAMA FIRE STATION CA US,658.4,34.9455,-119.6827,0307,377,55,-322,181,-196,287,-90
NEW CUYAMA FIRE STATION CA US,658.4,34.9455,-119.6827,0308,384,55,-329,181,-203,287,-97
NEW CUYAMA FIRE STATION CA US,658.4,34.9455,-119.6827,0309,390,124,-266,181,-209,287,-103
NEW CUYAMA FIRE STATION CA US,658.4,34.9455,-119.6827,0310,396,124,-272,181,-215,287,-109
NEW CUYAMA FIRE STATION CA US,658.4,34.9455,-119.6827,0311,402,124,-278,181,-221,287,-115
NEW CUYAMA FIRE STATION CA US,658.4,34.9455,-119.6827,0312,408,124,-284,181,-227,287,-121
NEW CUYAMA FIRE STATION CA US,658.4,34.9455,-119.6827,0313,414,124,-290,181,-233,287,-127
NEW CUYAMA FIRE STATION CA US,658.4,34.9455,-119.6827,0314,420,124,-296,181,-239,287,-133
NEW CUYAMA FIRE STATION CA US,658.4,34.9455,-119.6827,0315,425,124,-301,181,-244,287,-138
NEW CUYAMA FIRE STATION CA US,658.4,34.9455,-119.6827,0316,430,124,-306,181,-249,287,-143
NEW CUYAMA FIRE STATION CA US,658.4,34.9455,-119.6827,0317,435,124,-311,181,-254,287,-148
NEW CUYAMA FIRE STATION CA US,658.4,34.9455,-119.6827,0318,440,124,-316,181,-259,287,-153
NEW CUYAMA FIRE STATION CA US,658.4,34.9455,-119.6827,0319,445,124,-321,181,-264,287,-158
NEW CUYAMA FIRE STATION CA US,658.4,34.9455,-119.6827,0320,450,124,-326,181,-269,287,-163
NEW CUYAMA FIRE STATION CA US,658.4,34.9455,-119.6827,0321,454,124,-330,181,-273,287,-167
NEW CUYAMA FIRE STATION CA US,658.4,34.9455,-119.6827,0322,458,124,-334,181,-277,287,-171
NEW CUYAMA FIRE STATION CA US,658.4,34.9455,-119.6827,0323,462,124,-338,181,-281,287,-175
NEW CUYAMA FIRE STATION CA US,658.4,34.9455,-119.6827,0324,466,124,-342,181,-285,287,-179
NEW CUYAMA FIRE STATION CA US,658.4,34.9455,-119.6827,0325,470,124,-346,181,-289,287,-183
NEW CUYAMA FIRE STATION CA US,658.4,34.9455,-119.6827,0326,473,124,-349,184,-289,287,-186
NEW CUYAMA FIRE STATION CA US,658.4,34.9455,-119.6827,0327,477,124,-353,187,-290,287,-190
NEW CUYAMA FIRE STATION CA US,658.4,34.9455,-119.6827,0328,480,124,-356,187,-293,287,-193
NEW CUYAMA FIRE STATION CA US,658.4,34.9455,-119.6827,0329,484,124,-360,195,-289,287,-197
NEW CUYAMA FIRE STATION CA US,658.4,34.9455,-119.6827,0330,487,124,-363,198,-289,287,-200
NEW CUYAMA FIRE STATION CA US,658.4,34.9455,-119.6827,0331,490,124,-366,223,-267,287,-203
NEW CUYAMA FIRE STATION CA US,658.4,34.9455,-119.6827,0401,493,124,-369,238,-255,287,-206
NEW CUYAMA FIRE STATION CA US,658.4,34.9455,-119.6827,0402,496,124,-372,248,-248,287,-209
NEW CUYAMA FIRE STATION CA US,658.4,34.9455,-119.6827,0403,498,124,-374,248,-250,287,-211
NEW CUYAMA FIRE STATION CA US,658.4,34.9455,-119.6827,0404,500,124,-376,251,-249,287,-213
NEW CUYAMA FIRE STATION CA US,658.4,34.9455,-119.6827,0405,502,124,-378,251,-251,287,-215
NEW CUYAMA FIRE STATION CA US,658.4,34.9455,-119.6827,0406,504,124,-380,251,-253,287,-217
NEW CUYAMA FIRE STATION CA US,658.4,34.9455,-119.6827,0407,506,124,-382,251,-255,287,-219
NEW CUYAMA FIRE STATION CA US,658.4,34.9455,-119.6827,0408,508,124,-384,251,-257,287,-221
NEW CUYAMA FIRE STATION CA US,658.4,34.9455,-119.6827,0409,510,124,-386,251,-259,287,-223
NEW CUYAMA FIRE STATION CA US,658.4,34.9455,-119.6827,0410,512,124,-388,251,-261,287,-225
NEW CUYAMA FIRE STATION CA US,658.4,34.9455,-119.6827,0411,513,124,-389,251,-262,287,-226
NEW CUYAMA FIRE STATION CA US,658.4,34.9455,-119.6827,0412,515,124,-391,251,-264,287,-228
NEW CUYAMA FIRE STATION CA US,658.4,34.9455,-119.6827,0413,517,124,-393,251,-266,287,-230
NEW CUYAMA FIRE STATION CA US,658.4,34.9455,-119.6827,0414,518,124,-394,251,-267,287,-231
NEW CUYAMA FIRE STATION CA US,658.4,34.9455,-119.6827,0415,520,124,-396,251,-269,287,-233
NEW CUYAMA FIRE STATION CA US,658.4,34.9455,-119.6827,0416,521,124,-397,251,-270,287,-234
NEW CUYAMA FIRE STATION CA US,658.4,34.9455,-119.6827,0417,522,124,-398,251,-271,287,-235
NEW CUYAMA FIRE STATION CA US,658.4,34.9455,-119.6827,0418,524,124,-400,251,-273,287,-237
NEW CUYAMA FIRE STATION CA US,658.4,34.9455,-119.6827,0419,525,124,-401,251,-274,287,-238
NEW CUYAMA FIRE STATION CA US,658.4,34.9455,-119.6827,0420,527,124,-403,251,-276,287,-240
NEW CUYAMA FIRE STATION CA US,658.4,34.9455,-119.6827,0421,528,124,-404,251,-277,287,-241
NEW CUYAMA FIRE STATION CA US,658.4,34.9455,-119.6827,0422,529,124,-405,251,-278,287,-242
NEW CUYAMA FIRE STATION CA US,658.4,34.9455,-119.6827,0423,531,124,-407,251,-280,287,-244
NEW CUYAMA FIRE STATION CA US,658.4,34.9455,-119.6827,0424,532,124,-408,251,-281,287,-245
NEW CUYAMA FIRE STATION CA US,658.4,34.9455,-119.6827,0425,534,124,-410,251,-283,287,-247
NEW CUYAMA FIRE STATION CA US,658.4,34.9455,-119.6827,0426,536,124,-412,251,-285,287,-249
NEW CUYAMA FIRE STATION CA US,658.4,34.9455,-119.6827,0427,537,124,-413,251,-286,287,-250
NEW CUYAMA FIRE STATION CA US,658.4,34.9455,-119.6827,0428,538,124,-414,251,-287,287,-251
NEW CUYAMA FIRE STATION CA US,658.4,34.9455,-119.6827,0429,540,124,-416,251,-289,287,-253
NEW CUYAMA FIRE STATION CA US,658.4,34.9455,-119.6827,0430,541,124,-417,251,-290,287,-254
NEW CUYAMA FIRE STATION CA US,658.4,34.9455,-119.6827,0501,542,124,-418,251,-291,287,-255
NEW CUYAMA FIRE STATION CA US,658.4,34.9455,-119.6827,0502,544,124,-420,251,-293,287,-257
NEW CUYAMA FIRE STATION CA US,658.4,34.9455,-119.6827,0503,545,124,-421,251,-294,287,-258
NEW CUYAMA FIRE STATION CA US,658.4,34.9455,-119.6827,0504,546,124,-422,251,-295,287,-259
NEW CUYAMA FIRE STATION CA US,658.4,34.9455,-119.6827,0505,547,124,-423,251,-296,287,-260
NEW CUYAMA FIRE STATION CA US,658.4,34.9455,-119.6827,0506,548,124,-424,251,-297,287,-261
NEW CUYAMA FIRE STATION CA US,658.4,34.9455,-119.6827,0507,549,124,-425,251,-298,287,-262
NEW CUYAMA FIRE STATION CA US,658.4,34.9455,-119.6827,0508,550,124,-426,251,-299,287,-263
NEW CUYAMA FIRE STATION CA US,658.4,34.9455,-119.6827,0509,551,124,-427,251,-300,287,-264
NEW CUYAMA FIRE STATION CA US,658.4,34.9455,-119.6827,0510,552,124,-428,251,-301,287,-265
NEW CUYAMA FIRE STATION CA US,658.4,34.9455,-119.6827,0511,553,124,-429,251,-302,287,-266
NEW CUYAMA FIRE STATION CA US,658.4,34.9455,-119.6827,0512,554,124,-430,251,-303,287,-267
NEW CUYAMA FIRE STATION CA US,658.4,34.9455,-119.6827,0513,555,124,-431,251,-304,287,-268
NEW CUYAMA FIRE STATION CA US,658.4,34.9455,-119.6827,0514,555,124,-431,251,-304,287,-268
NEW CUYAMA FIRE STATION CA US,658.4,34.9455,-119.6827,0515,556,124,-432,251,-305,287,-269
NEW CUYAMA FIRE STATION CA US,658.4,34.9455,-119.6827,0516,557,124,-433,251,-306,287,-270
NEW CUYAMA FIRE STATION CA US,658.4,34.9455,-119.6827,0517,558,124,-434,251,-307,287,-271
NEW CUYAMA FIRE STATION CA US,658.4,34.9455,-119.6827,0518,559,124,-435,251,-308,287,-272
NEW CUYAMA FIRE STATION CA US,658.4,34.9455,-119.6827,0519,560,124,-436,251,-309,287,-273
NEW CUYAMA FIRE STATION CA US,658.4,34.9455,-119.6827,0520,560,124,-436,251,-309,287,-273
NEW CUYAMA FIRE STATION CA US,658.4,34.9455,-119.6827,0521,561,124,-437,256,-305,287,-274
NEW CUYAMA FIRE STATION CA US,658.4,34.9455,-119.6827,0522,561,124,-437,256,-305,287,-274
NEW CUYAMA FIRE STATION CA US,658.4,34.9455,-119.6827,0523,562,124,-438,256,-306,287,-275
NEW CUYAMA FIRE STATION CA US,658.4,34.9455,-119.6827,0524,562,124,-438,256,-306,287,-275
NEW CUYAMA FIRE STATION CA US,658.4,34.9455,-119.6827,0525,563,124,-439,256,-307,287,-276
NEW CUYAMA FIRE STATION CA US,658.4,34.9455,-119.6827,0526,563,124,-439,256,-307,287,-276
NEW CUYAMA FIRE STATION CA US,658.4,34.9455,-119.6827,0527,563,124,-439,256,-307,287,-276
NEW CUYAMA FIRE STATION CA US,658.4,34.9455,-119.6827,0528,563,124,-439,256,-307,287,-276
NEW CUYAMA FIRE STATION CA US,658.4,34.9455,-119.6827,0529,564,124,-440,256,-308,287,-277
NEW CUYAMA FIRE STATION CA US,658.4,34.9455,-119.6827,0530,564,124,-440,256,-308,287,-277
NEW CUYAMA FIRE STATION CA US,658.4,34.9455,-119.6827,0531,564,124,-440,256,-308,287,-277
NEW CUYAMA FIRE STATION CA US,658.4,34.9455,-119.6827,0601,564,124,-440,256,-308,287,-277
NEW CUYAMA FIRE STATION CA US,658.4,34.9455,-119.6827,0602,564,124,-440,256,-308,287,-277
NEW CUYAMA FIRE STATION CA US,658.4,34.9455,-119.6827,0603,564,124,-440,256,-308,287,-277
NEW CUYAMA FIRE STATION CA US,658.4,34.9455,-119.6827,0604,564,124,-440,256,-308,287,-277
NEW CUYAMA FIRE STATION CA US,658.4,34.9455,-119.6827,0605,564,124,-440,256,-308,287,-277
NEW CUYAMA FIRE STATION CA US,658.4,34.9455,-119.6827,0606,564,124,-440,256,-308,287,-277
NEW CUYAMA FIRE STATION CA US,658.4,34.9455,-119.6827,0607,564,124,-440,256,-308,287,-277
NEW CUYAMA FIRE STATION CA US,658.4,34.9455,-119.6827,0608,564,124,-440,256,-308,287,-277
NEW CUYAMA FIRE STATION CA US,658.4,34.9455,-119.6827,0609,564,124,-440,256,-308,287,-277
NEW CUYAMA FIRE STATION CA US,658.4,34.9455,-119.6827,0610,564,124,-440,256,-308,287,-277
NEW CUYAMA FIRE STATION CA US,658.4,34.9455,-119.6827,0611,564,124,-440,256,-308,287,-277
NEW CUYAMA FIRE STATION CA US,658.4,34.9455,-119.6827,0612,564,124,-440,256,-308,287,-277
NEW CUYAMA FIRE STATION CA US,658.4,34.9455,-119.6827,0613,564,124,-440,256,-308,287,-277
NEW CUYAMA FIRE STATION CA US,658.4,34.9455,-119.6827,0614,565,124,-441,256,-309,287,-278
NEW CUYAMA FIRE STATION CA US,658.4,34.9455,-119.6827,0615,565,124,-441,256,-309,287,-278
NEW CUYAMA FIRE STATION CA US,658.4,34.9455,-119.6827,0616,565,124,-441,256,-309,287,-278
NEW CUYAMA FIRE STATION CA US,658.4,34.9455,-119.6827,0617,565,124,-441,256,-309,287,-278
NEW CUYAMA FIRE STATION CA US,658.4,34.9455,-119.6827,0618,565,124,-441,256,-309,287,-278
NEW CUYAMA FIRE STATION CA US,658.4,34.9455,-119.6827,0619,565,124,-441,256,-309,287,-278
NEW CUYAMA FIRE STATION CA US,658.4,34.9455,-119.6827,0620,565,124,-441,256,-309,287,-278
NEW CUYAMA FIRE STATION CA US,658.4,34.9455,-119.6827,0621,565,124,-441,256,-309,287,-278
NEW CUYAMA FIRE STATION CA US,658.4,34.9455,-119.6827,0622,565,124,-441,256,-309,287,-278
NEW CUYAMA FIRE STATION CA US,658.4,34.9455,-119.6827,0623,565,124,-441,256,-309,287,-278
NEW CUYAMA FIRE STATION CA US,658.4,34.9455,-119.6827,0624,565,124,-441,256,-309,287,-278
NEW CUYAMA FIRE STATION CA US,658.4,34.9455,-119.6827,0625,565,124,-441,256,-309,287,-278
NEW CUYAMA FIRE STATION CA US,658.4,34.9455,-119.6827,0626,565,124,-441,256,-309,287,-278
NEW CUYAMA FIRE STATION CA US,658.4,34.9455,-119.6827,0627,565,124,-441,256,-309,287,-278
NEW CUYAMA FIRE STATION CA US,658.4,34.9455,-119.6827,0628,565,124,-441,256,-309,287,-278
NEW CUYAMA FIRE STATION CA US,658.4,34.9455,-119.6827,0629,565,124,-441,256,-309,287,-278
NEW CUYAMA FIRE STATION CA US,658.4,34.9455,-119.6827,0630,565,124,-441,256,-309,287,-278
NEW CUYAMA FIRE STATION CA US,658.4,34.9455,-119.6827,0701,565,124,-441,256,-309,287,-278
NEW CUYAMA FIRE STATION CA US,658.4,34.9455,-119.6827,0702,565,124,-441,256,-309,287,-278
NEW CUYAMA FIRE STATION CA US,658.4,34.9455,-119.6827,0703,566,124,-442,256,-310,287,-279
NEW CUYAMA FIRE STATION CA US,658.4,34.9455,-119.6827,0704,566,124,-442,256,-310,287,-279
NEW CUYAMA FIRE STATION CA US,658.4,34.9455,-119.6827,0705,566,124,-442,256,-310,287,-279
NEW CUYAMA FIRE STATION CA US,658.4,34.9455,-119.6827,0706,566,124,-442,256,-310,287,-279
NEW CUYAMA FIRE STATION CA US,658.4,34.9455,-119.6827,0707,567,124,-443,256,-311,287,-280
NEW CUYAMA FIRE STATION CA US,658.4,34.9455,-119.6827,0708,567,124,-443,256,-311,287,-280
NEW CUYAMA FIRE STATION CA US,658.4,34.9455,-119.6827,0709,567,124,-443,256,-311,287,-280
NEW CUYAMA FIRE STATION CA US,658.4,34.9455,-119.6827,0710,567,124,-443,256,-311,287,-280
NEW CUYAMA FIRE STATION CA US,658.4,34.9455,-119.6827,0711,568,124,-444,256,-312,287,-281
NEW CUYAMA FIRE STATION CA US,658.4,34.9455,-119.6827,0712,568,124,-444,256,-312,287,-281
NEW CUYAMA FIRE STATION CA US,658.4,34.9455,-119.6827,0713,568,124,-444,256,-312,287,-281
NEW CUYAMA FIRE STATION CA US,658.4,34.9455,-119.6827,0714,568,124,-444,256,-312,287,-281
NEW CUYAMA FIRE STATION CA US,658.4,34.9455,-119.6827,0715,569,124,-445,256,-313,287,-282
NEW CUYAMA FIRE STATION CA US,658.4,34.9455,-119.6827,0716,569,124,-445,256,-313,287,-282
NEW CUYAMA FIRE STATION CA US,658.4,34.9455,-119.6827,0717,569,124,-445,256,-313,287,-282
NEW CUYAMA FIRE STATION CA US,658.4,34.9455,-119.6827,0718,569,124,-445,256,-313,287,-282
NEW CUYAMA FIRE STATION CA US,658.4,34.9455,-119.6827,0719,570,124,-446,256,-314,287,-283
NEW CUYAMA FIRE STATION CA US,658.4,34.9455,-119.6827,0720,570,124,-446,256,-314,287,-283
NEW CUYAMA FIRE STATION CA US,658.4,34.9455,-119.6827,0721,570,124,-446,256,-314,287,-283
NEW CUYAMA FIRE STATION CA US,658.4,34.9455,-119.6827,0722,571,124,-447,256,-315,287,-284
NEW CUYAMA FIRE STATION CA US,658.4,34.9455,-119.6827,0723,571,124,-447,256,-315,287,-284
NEW CUYAMA FIRE STATION CA US,658.4,34.9455,-119.6827,0724,572,124,-448,256,-316,287,-285
NEW CUYAMA FIRE STATION CA US,658.4,34.9455,-119.6827,0725,572,124,-448,256,-316,287,-285
NEW CUYAMA FIRE STATION CA US,658.4,34.9455,-119.6827,0726,573,124,-449,256,-317,287,-286
NEW CUYAMA FIRE STATION CA US,658.4,34.9455,-119.6827,0727,573,124,-449,256,-317,287,-286
NEW CUYAMA FIRE STATION CA US,658.4,34.9455,-119.6827,0728,573,124,-449,256,-317,287,-286
NEW CUYAMA FIRE STATION CA US,658.4,34.9455,-119.6827,0729,573,124,-449,256,-317,287,-286
NEW CUYAMA FIRE STATION CA US,658.4,34.9455,-119.6827,0730,574,124,-450,256,-318,287,-287
NEW CUYAMA FIRE STATION CA US,658.4,34.9455,-119.6827,0731,574,124,-450,256,-318,287,-287
NEW CUYAMA FIRE STATION CA US,658.4,34.9455,-119.6827,0801,574,124,-450,256,-318,287,-287
NEW CUYAMA FIRE STATION CA US,658.4,34.9455,-119.6827,0802,575,124,-451,256,-319,287,-288
NEW CUYAMA FIRE STATION CA US,658.4,34.9455,-119.6827,0803,575,124,-451,256,-319,287,-288
NEW CUYAMA FIRE STATION CA US,658.4,34.9455,-119.6827,0804,575,124,-451,256,-319,287,-288
NEW CUYAMA FIRE STATION CA US,658.4,34.9455,-119.6827,0805,575,124,-451,256,-319,287,-288
NEW CUYAMA FIRE STATION CA US,658.4,34.9455,-119.6827,0806,576,124,-452,256,-320,287,-289
NEW CUYAMA FIRE STATION CA US,658.4,34.9455,-119.6827,0807,576,124,-452,256,-320,287,-289
NEW CUYAMA FIRE STATION CA US,658.4,34.9455,-119.6827,0808,576,124,-452,256,-320,287,-289
NEW CUYAMA FIRE STATION CA US,658.4,34.9455,-119.6827,0809,577,124,-453,256,-321,287,-290
NEW CUYAMA FIRE STATION CA US,658.4,34.9455,-119.6827,0810,577,124,-453,256,-321,287,-290
NEW CUYAMA FIRE STATION CA US,658.4,34.9455,-119.6827,0811,577,124,-453,256,-321,287,-290
NEW CUYAMA FIRE STATION CA US,658.4,34.9455,-119.6827,0812,578,124,-454,256,-322,287,-291
NEW CUYAMA FIRE STATION CA US,658.4,34.9455,-119.6827,0813,578,124,-454,256,-322,287,-291
NEW CUYAMA FIRE STATION CA US,658.4,34.9455,-119.6827,0814,578,124,-454,256,-322,287,-291
NEW CUYAMA FIRE STATION CA US,658.4,34.9455,-119.6827,0815,579,124,-455,256,-323,287,-292
NEW CUYAMA FIRE STATION CA US,658.4,34.9455,-119.6827,0816,579,124,-455,256,-323,287,-292
NEW CUYAMA FIRE STATION CA US,658.4,34.9455,-119.6827,0817,579,124,-455,256,-323,287,-292
NEW CUYAMA FIRE STATION CA US,658.4,34.9455,-119.6827,0818,580,124,-456,256,-324,287,-293
NEW CUYAMA FIRE STATION CA US,658.4,34.9455,-119.6827,0819,580,124,-456,256,-324,287,-293
NEW CUYAMA FIRE STATION CA US,658.4,34.9455,-119.6827,0820,580,124,-456,256,-324,287,-293
NEW CUYAMA FIRE STATION CA US,658.4,34.9455,-119.6827,0821,581,124,-457,256,-325,287,-294
NEW CUYAMA FIRE STATION CA US,658.4,34.9455,-119.6827,0822,581,124,-457,256,-325,287,-294
NEW CUYAMA FIRE STATION CA US,658.4,34.9455,-119.6827,0823,581,124,-457,256,-325,287,-294
NEW CUYAMA FIRE STATION CA US,658.4,34.9455,-119.6827,0824,581,124,-457,256,-325,287,-294
NEW CUYAMA FIRE STATION CA US,658.4,34.9455,-119.6827,0825,581,124,-457,256,-325,287,-294
NEW CUYAMA FIRE STATION CA US,658.4,34.9455,-119.6827,0826,582,124,-458,256,-326,287,-295
NEW CUYAMA FIRE STATION CA US,658.4,34.9455,-119.6827,0827,582,124,-458,256,-326,287,-295
NEW CUYAMA FIRE STATION CA US,658.4,34.9455,-119.6827,0828,582,124,-458,256,-326,287,-295
NEW CUYAMA FIRE STATION CA US,658.4,34.9455,-119.6827,0829,582,124,-458,256,-326,287,-295
NEW CUYAMA FIRE STATION CA US,658.4,34.9455,-119.6827,0830,583,124,-459,256,-327,287,-296
NEW CUYAMA FIRE STATION CA US,658.4,34.9455,-119.6827,0831,583,124,-459,256,-327,287,-296
NEW CUYAMA FIRE STATION CA US,658.4,34.9455,-119.6827,0901,584,124,-460,256,-328,287,-297
NEW CUYAMA FIRE STATION CA US,658.4,34.9455,-119.6827,0902,584,124,-460,256,-328,287,-297
NEW CUYAMA FIRE STATION CA US,658.4,34.9455,-119.6827,0903,585,124,-461,256,-329,287,-298
NEW CUYAMA FIRE STATION CA US,658.4,34.9455,-119.6827,0904,585,124,-461,256,-329,287,-298
NEW CUYAMA FIRE STATION CA US,658.4,34.9455,-119.6827,0905,586,124,-462,256,-330,287,-299
NEW CUYAMA FIRE STATION CA US,658.4,34.9455,-119.6827,0906,586,124,-462,256,-330,287,-299
NEW CUYAMA FIRE STATION CA US,658.4,34.9455,-119.6827,0907,587,124,-463,256,-331,287,-300
NEW CUYAMA FIRE STATION CA US,658.4,34.9455,-119.6827,0908,588,124,-464,256,-332,287,-301
NEW CUYAMA FIRE STATION CA US,658.4,34.9455,-119.6827,0909,590,124,-466,256,-334,287,-303
NEW CUYAMA FIRE STATION CA US,658.4,34.9455,-119.6827,0910,591,124,-467,256,-335,287,-304
NEW CUYAMA FIRE STATION CA US,658.4,34.9455,-119.6827,0911,593,124,-469,256,-337,287,-306
NEW CUYAMA FIRE STATION CA US,658.4,34.9455,-119.6827,0912,595,124,-471,256,-339,287,-308
NEW CUYAMA FIRE STATION CA US,658.4,34.9455,-119.6827,0913,596,124,-472,256,-340,287,-309
NEW CUYAMA FIRE STATION CA US,658.4,34.9455,-119.6827,0914,598,124,-474,256,-342,287,-311
NEW CUYAMA FIRE STATION CA US,658.4,34.9455,-119.6827,0915,600,124,-476,256,-344,287,-313
NEW CUYAMA FIRE STATION CA US,658.4,34.9455,-119.6827,0916,602,124,-478,256,-346,287,-315
NEW CUYAMA FIRE STATION CA US,658.4,34.9455,-119.6827,0917,604,124,-480,256,-348,287,-317
NEW CUYAMA FIRE STATION CA US,658.4,34.9455,-119.6827,0918,606,124,-482,256,-350,287,-319
NEW CUYAMA FIRE STATION CA US,658.4,34.9455,-119.6827,0919,607,124,-483,256,-351,287,-320
NEW CUYAMA FIRE STATION CA US,658.4,34.9455,-119.6827,0920,609,124,-485,256,-353,287,-322
NEW CUYAMA FIRE STATION CA US,658.4,34.9455,-119.6827,0921,611,124,-487,256,-355,287,-324
NEW CUYAMA FIRE STATION CA US,658.4,34.9455,-119.6827,0922,613,124,-489,256,-357,287,-326
NEW CUYAMA FIRE STATION CA US,658.4,34.9455,-119.6827,0923,615,124,-491,256,-359,287,-328
NEW CUYAMA FIRE STATION CA US,658.4,34.9455,-119.6827,0924,617,124,-493,256,-361,287,-330
NEW CUYAMA FIRE STATION CA US,658.4,34.9455,-119.6827,0925,619,124,-495,256,-363,287,-332
NEW CUYAMA FIRE STATION CA US,658.4,34.9455,-119.6827,0926,620,124,-496,256,-364,287,-333
NEW CUYAMA FIRE STATION CA US,658.4,34.9455,-119.6827,0927,622,124,-498,256,-366,287,-335
NEW CUYAMA FIRE STATION CA US,658.4,34.9455,-119.6827,0928,624,124,-500,256,-368,287,-337
NEW CUYAMA FIRE STATION CA US,658.4,34.9455,-119.6827,0929,626,124,-502,256,-370,287,-339
NEW CUYAMA FIRE STATION CA US,658.4,34.9455,-119.6827,0930,628,124,-504,256,-372,287,-341
NEW CUYAMA FIRE STATION CA US,658.4,34.9455,-119.6827,1001,629,124,-505,256,-373,287,-342
NEW CUYAMA FIRE STATION CA US,658.4,34.9455,-119.6827,1002,630,124,-506,256,-374,287,-343
NEW CUYAMA FIRE STATION CA US,658.4,34.9455,-119.6827,1003,631,124,-507,256,-375,287,-344
NEW CUYAMA FIRE STATION CA US,658.4,34.9455,-119.6827,1004,631,124,-507,256,-375,287,-344
NEW CUYAMA FIRE STATION CA US,658.4,34.9455,-119.6827,1005,632,124,-508,256,-376,287,-345
NEW CUYAMA FIRE STATION CA US,658.4,34.9455,-119.6827,1006,633,124,-509,256,-377,287,-346
NEW CUYAMA FIRE STATION CA US,658.4,34.9455,-119.6827,1007,634,124,-510,256,-378,287,-347
NEW CUYAMA FIRE STATION CA US,658.4,34.9455,-119.6827,1008,635,124,-511,256,-379,287,-348
NEW CUYAMA FIRE STATION CA US,658.4,34.9455,-119.6827,1009,635,124,-511,256,-379,287,-348
NEW CUYAMA FIRE STATION CA US,658.4,34.9455,-119.6827,1010,636,124,-512,256,-380,287,-349
NEW CUYAMA FIRE STATION CA US,658.4,34.9455,-119.6827,1011,637,124,-513,256,-381,287,-350
NEW CUYAMA FIRE STATION CA US,658.4,34.9455,-119.6827,1012,637,124,-513,256,-381,287,-350
NEW CUYAMA FIRE STATION CA US,658.4,34.9455,-119.6827,1013,638,124,-514,256,-382,287,-351
NEW CUYAMA FIRE STATION CA US,658.4,34.9455,-119.6827,1014,639,124,-515,256,-383,287,-352
NEW CUYAMA FIRE STATION CA US,658.4,34.9455,-119.6827,1015,640,124,-516,256,-384,287,-353
NEW CUYAMA FIRE STATION CA US,658.4,34.9455,-119.6827,1016,641,124,-517,256,-385,287,-354
NEW CUYAMA FIRE STATION CA US,658.4,34.9455,-119.6827,1017,642,124,-518,256,-386,287,-355
NEW CUYAMA FIRE STATION CA US,658.4,34.9455,-119.6827,1018,643,124,-519,256,-387,287,-356
NEW CUYAMA FIRE STATION CA US,658.4,34.9455,-119.6827,1019,644,124,-520,256,-388,287,-357
NEW CUYAMA FIRE STATION CA US,658.4,34.9455,-119.6827,1020,645,124,-521,256,-389,287,-358
NEW CUYAMA FIRE STATION CA US,658.4,34.9455,-119.6827,1021,647,124,-523,256,-391,287,-360
NEW CUYAMA FIRE STATION CA US,658.4,34.9455,-119.6827,1022,648,124,-524,256,-392,287,-361
NEW CUYAMA FIRE STATION CA US,658.4,34.9455,-119.6827,1023,649,124,-525,256,-393,287,-362
NEW CUYAMA FIRE STATION CA US,658.4,34.9455,-119.6827,1024,651,124,-527,256,-395,287,-364
NEW CUYAMA FIRE STATION CA US,658.4,34.9455,-119.6827,1025,652,124,-528,256,-396,287,-365
NEW CUYAMA FIRE STATION CA US,658.4,34.9455,-119.6827,1026,654,124,-530,256,-398,287,-367
NEW CUYAMA FIRE STATION CA US,658.4,34.9455,-119.6827,1027,655,124,-531,256,-399,287,-368
NEW CUYAMA FIRE STATION CA US,658.4,34.9455,-119.6827,1028,657,124,-533,256,-401,287,-370
NEW CUYAMA FIRE STATION CA US,658.4,34.9455,-119.6827,1029,659,124,-535,256,-403,287,-372
NEW CUYAMA FIRE STATION CA US,658.4,34.9455,-119.6827,1030,661,124,-537,256,-405,287,-374
NEW CUYAMA FIRE STATION CA US,658.4,34.9455,-119.6827,1031,663,124,-539,256,-407,287,-376
NEW CUYAMA FIRE STATION CA US,658.4,34.9455,-119.6827,1101,665,124,-541,416,-249,287,-378
NEW CUYAMA FIRE STATION CA US,658.4,34.9455,-119.6827,1102,667,124,-543,416,-251,287,-380
NEW CUYAMA FIRE STATION CA US,658.4,34.9455,-119.6827,1103,669,124,-545,416,-253,287,-382
NEW CUYAMA FIRE STATION CA US,658.4,34.9455,-119.6827,1104,670,124,-546,416,-254,287,-383
NEW CUYAMA FIRE STATION CA US,658.4,34.9455,-119.6827,1105,672,124,-548,416,-256,287,-385
NEW CUYAMA FIRE STATION CA US,658.4,34.9455,-119.6827,1106,674,124,-550,416,-258,287,-387
NEW CUYAMA FIRE STATION CA US,658.4,34.9455,-119.6827,1107,676,124,-552,416,-260,287,-389
NEW CUYAMA FIRE STATION CA US,658.4,34.9455,-119.6827,1108,678,124,-554,416,-262,287,-391
NEW CUYAMA FIRE STATION CA US,658.4,34.9455,-119.6827,1109,680,124,-556,416,-264,287,-393
NEW CUYAMA FIRE STATION CA US,658.4,34.9455,-119.6827,1110,682,124,-558,416,-266,287,-395
NEW CUYAMA FIRE STATION CA US,658.4,34.9455,-119.6827,1111,684,124,-560,416,-268,287,-397
NEW CUYAMA FIRE STATION CA US,658.4,34.9455,-119.6827,1112,686,124,-562,416,-270,287,-399
NEW CUYAMA FIRE STATION CA US,658.4,34.9455,-119.6827,1113,688,124,-564,416,-272,287,-401
NEW CUYAMA FIRE STATION CA US,658.4,34.9455,-119.6827,1114,690,124,-566,416,-274,287,-403
NEW CUYAMA FIRE STATION CA US,658.4,34.9455,-119.6827,1115,692,124,-568,416,-276,287,-405
NEW CUYAMA FIRE STATION CA US,658.4,34.9455,-119.6827,1116,694,124,-570,416,-278,287,-407
NEW CUYAMA FIRE STATION CA US,658.4,34.9455,-119.6827,1117,696,124,-572,416,-280,287,-409
NEW CUYAMA FIRE STATION CA US,658.4,34.9455,-119.6827,1118,698,124,-574,416,-282,287,-411
NEW CUYAMA FIRE STATION CA US,658.4,34.9455,-119.6827,1119,700,124,-576,416,-284,287,-413
NEW CUYAMA FIRE STATION CA US,658.4,34.9455,-119.6827,1120,702,137,-565,419,-283,287,-415
NEW CUYAMA FIRE STATION CA US,658.4,34.9455,-119.6827,1121,704,140,-564,419,-285,287,-417
NEW CUYAMA FIRE STATION CA US,658.4,34.9455,-119.6827,1122,707,140,-567,419,-288,287,-420
NEW CUYAMA FIRE STATION CA US,658.4,34.9455,-119.6827,1123,709,140,-569,419,-290,287,-422
NEW CUYAMA FIRE STATION CA US,658.4,34.9455,-119.6827,1124,711,140,-571,419,-292,287,-424
NEW CUYAMA FIRE STATION CA US,658.4,34.9455,-119.6827,1125,714,140,-574,419,-295,287,-427
NEW CUYAMA FIRE STATION CA US,658.4,34.9455,-119.6827,1126,716,140,-576,419,-297,287,-429
NEW CUYAMA FIRE STATION CA US,658.4,34.9455,-119.6827,1127,718,140,-578,419,-299,287,-431
NEW CUYAMA FIRE STATION CA US,658.4,34.9455,-119.6827,1128,720,140,-580,419,-301,287,-433
NEW CUYAMA FIRE STATION CA US,658.4,34.9455,-119.6827,1129,723,140,-583,419,-304,287,-436
NEW CUYAMA FIRE STATION CA US,658.4,34.9455,-119.6827,1130,725,140,-585,419,-306,287,-438
NEW CUYAMA FIRE STATION CA US,658.4,34.9455,-119.6827,1201,727,140,-587,419,-308,287,-440
NEW CUYAMA FIRE STATION CA US,658.4,34.9455,-119.6827,1202,730,140,-590,419,-311,287,-443
NEW CUYAMA FIRE STATION CA US,658.4,34.9455,-119.6827,1203,732,140,-592,576,-156,287,-445
NEW CUYAMA FIRE STATION CA US,658.4,34.9455,-119.6827,1204,735,140,-595,576,-159,287,-448
NEW CUYAMA FIRE STATION CA US,658.4,34.9455,-119.6827,1205,738,140,-598,576,-162,287,-451
NEW CUYAMA FIRE STATION CA US,658.4,34.9455,-119.6827,1206,741,140,-601,576,-165,287,-454
NEW CUYAMA FIRE STATION CA US,658.4,34.9455,-119.6827,1207,744,158,-586,576,-168,287,-457
NEW CUYAMA FIRE STATION CA US,658.4,34.9455,-119.6827,1208,747,158,-589,576,-171,287,-460
NEW CUYAMA FIRE STATION CA US,658.4,34.9455,-119.6827,1209,751,158,-593,576,-175,287,-464
NEW CUYAMA FIRE STATION CA US,658.4,34.9455,-119.6827,1210,754,158,-596,576,-178,287,-467
NEW CUYAMA FIRE STATION CA US,658.4,34.9455,-119.6827,1211,757,158,-599,797,40,287,-470
NEW CUYAMA FIRE STATION CA US,658.4,34.9455,-119.6827,1212,760,158,-602,797,37,287,-473
NEW CUYAMA FIRE STATION CA US,658.4,34.9455,-119.6827,1213,764,158,-606,797,33,287,-477
NEW CUYAMA FIRE STATION CA US,658.4,34.9455,-119.6827,1214,767,158,-609,797,30,287,-480
NEW CUYAMA FIRE STATION CA US,658.4,34.9455,-119.6827,1215,771,158,-613,812,41,287,-484
NEW CUYAMA FIRE STATION CA US,658.4,34.9455,-119.6827,1216,774,158,-616,901,127,287,-487
NEW CUYAMA FIRE STATION CA US,658.4,34.9455,-119.6827,1217,778,158,-620,990,212,287,-491
NEW CUYAMA FIRE STATION CA US,658.4,34.9455,-119.6827,1218,781,158,-623,1066,285,287,-494
NEW CUYAMA FIRE STATION CA US,658.4,34.9455,-119.6827,1219,785,158,-627,1066,281,287,-498
NEW CUYAMA FIRE STATION CA US,658.4,34.9455,-119.6827,1220,789,158,-631,1066,277,287,-502
NEW CUYAMA FIRE STATION CA US,658.4,34.9455,-119.6827,1221,792,158,-634,1069,277,287,-505
NEW CUYAMA FIRE STATION CA US,658.4,34.9455,-119.6827,1222,796,158,-638,1072,276,287,-509
NEW CUYAMA FIRE STATION CA US,658.4,34.9455,-119.6827,1223,800,158,-642,1072,272,287,-513
NEW CUYAMA FIRE STATION CA US,658.4,34.9455,-119.6827,1224,804,158,-646,1072,268,287,-517
NEW CUYAMA FIRE STATION CA US,658.4,34.9455,-119.6827,1225,808,158,-650,1072,264,287,-521
NEW CUYAMA FIRE STATION CA US,658.4,34.9455,-119.6827,1226,812,158,-654,1072,260,287,-525
NEW CUYAMA FIRE STATION CA US,658.4,34.9455,-119.6827,1227,817,158,-659,1072,255,287,-530
NEW CUYAMA FIRE STATION CA US,658.4,34.9455,-119.6827,1228,821,158,-663,1072,251,287,-534
NEW CUYAMA FIRE STATION CA US,658.4,34.9455,-119.6827,1229,826,158,-668,1077,251,287,-539
NEW CUYAMA FIRE STATION CA US,658.4,34.9455,-119.6827,1230,831,158,-673,1085,254,287,-544
NEW CUYAMA FIRE STATION CA US,658.4,34.9455,-119.6827,1231,835,158,-677,1085,250,287,-548
EDWARDS AFB NORTH AUXILIARY AIRFIELD CA US,695.9,34.98833,-117.86472,0101,-9999,0,9999,0,9999,0,9999
EDWARDS AFB NORTH AUXILIARY AIRFIELD CA US,695.9,34.98833,-117.86472,0102,-9999,0,9999,0,9999,0,9999
EDWARDS AFB NORTH AUXILIARY AIRFIELD CA US,695.9,34.98833,-117.86472,0103,-9999,0,9999,0,9999,0,9999
EDWARDS AFB NORTH AUXILIARY AIRFIELD CA US,695.9,34.98833,-117.86472,0104,-9999,0,9999,0,9999,0,9999
EDWARDS AFB NORTH AUXILIARY AIRFIELD CA US,695.9,34.98833,-117.86472,0105,-9999,0,9999,0,9999,0,9999
EDWARDS AFB NORTH AUXILIARY AIRFIELD CA US,695.9,34.98833,-117.86472,0106,-9999,0,9999,0,9999,0,9999
EDWARDS AFB NORTH AUXILIARY AIRFIELD CA US,695.9,34.98833,-117.86472,0107,-9999,0,9999,0,9999,0,9999
EDWARDS AFB NORTH AUXILIARY AIRFIELD CA US,695.9,34.98833,-117.86472,0108,-9999,0,9999,0,9999,0,9999
EDWARDS AFB NORTH AUXILIARY AIRFIELD CA US,695.9,34.98833,-117.86472,0109,-9999,0,9999,0,9999,0,9999
EDWARDS AFB NORTH AUXILIARY AIRFIELD CA US,695.9,34.98833,-117.86472,0110,-9999,0,9999,0,9999,0,9999
EDWARDS AFB NORTH AUXILIARY AIRFIELD CA US,695.9,34.98833,-117.86472,0111,-9999,0,9999,0,9999,0,9999
EDWARDS AFB NORTH AUXILIARY AIRFIELD CA US,695.9,34.98833,-117.86472,0112,-9999,0,9999,0,9999,0,9999
EDWARDS AFB NORTH AUXILIARY AIRFIELD CA US,695.9,34.98833,-117.86472,0113,-9999,0,9999,0,9999,0,9999
EDWARDS AFB NORTH AUXILIARY AIRFIELD CA US,695.9,34.98833,-117.86472,0114,-9999,0,9999,0,9999,0,9999
EDWARDS AFB NORTH AUXILIARY AIRFIELD CA US,695.9,34.98833,-117.86472,0115,-9999,0,9999,0,9999,0,9999
EDWARDS AFB NORTH AUXILIARY AIRFIELD CA US,695.9,34.98833,-117.86472,0116,-9999,0,9999,0,9999,0,9999
EDWARDS AFB NORTH AUXILIARY AIRFIELD CA US,695.9,34.98833,-117.86472,0117,-9999,0,9999,0,9999,0,9999
EDWARDS AFB NORTH AUXILIARY AIRFIELD CA US,695.9,34.98833,-117.86472,0118,-9999,0,9999,0,9999,0,9999
EDWARDS AFB NORTH AUXILIARY AIRFIELD CA US,695.9,34.98833,-117.86472,0119,-9999,0,9999,0,9999,0,9999
EDWARDS AFB NORTH AUXILIARY AIRFIELD CA US,695.9,34.98833,-117.86472,0120,-9999,0,9999,0,9999,0,9999
EDWARDS AFB NORTH AUXILIARY AIRFIELD CA US,695.9,34.98833,-117.86472,0121,-9999,0,9999,0,9999,0,9999
EDWARDS AFB NORTH AUXILIARY AIRFIELD CA US,695.9,34.98833,-117.86472,0122,-9999,0,9999,0,9999,0,9999
EDWARDS AFB NORTH AUXILIARY AIRFIELD CA US,695.9,34.98833,-117.86472,0123,-9999,0,9999,0,9999,0,9999
EDWARDS AFB NORTH AUXILIARY AIRFIELD CA US,695.9,34.98833,-117.86472,0124,-9999,0,9999,0,9999,0,9999
EDWARDS AFB NORTH AUXILIARY AIRFIELD CA US,695.9,34.98833,-117.86472,0125,-9999,0,9999,0,9999,0,9999
EDWARDS AFB NORTH AUXILIARY AIRFIELD CA US,695.9,34.98833,-117.86472,0126,-9999,0,9999,0,9999,0,9999
EDWARDS AFB NORTH AUXILIARY AIRFIELD CA US,695.9,34.98833,-117.86472,0127,-9999,0,9999,0,9999,0,9999
EDWARDS AFB NORTH AUXILIARY AIRFIELD CA US,695.9,34.98833,-117.86472,0128,-9999,0,9999,0,9999,0,9999
EDWARDS AFB NORTH AUXILIARY AIRFIELD CA US,695.9,34.98833,-117.86472,0129,-9999,0,9999,0,9999,0,9999
EDWARDS AFB NORTH AUXILIARY AIRFIELD CA US,695.9,34.98833,-117.86472,0130,-9999,0,9999,0,9999,0,9999
EDWARDS AFB NORTH AUXILIARY AIRFIELD CA US,695.9,34.98833,-117.86472,0131,-9999,0,9999,0,9999,0,9999
EDWARDS AFB NORTH AUXILIARY AIRFIELD CA US,695.9,34.98833,-117.86472,0201,-9999,0,9999,0,9999,0,9999
EDWARDS AFB NORTH AUXILIARY AIRFIELD CA US,695.9,34.98833,-117.86472,0202,-9999,0,9999,0,9999,0,9999
EDWARDS AFB NORTH AUXILIARY AIRFIELD CA US,695.9,34.98833,-117.86472,0203,-9999,0,9999,0,9999,0,9999
EDWARDS AFB NORTH AUXILIARY AIRFIELD CA US,695.9,34.98833,-117.86472,0204,-9999,0,9999,0,9999,0,9999
EDWARDS AFB NORTH AUXILIARY AIRFIELD CA US,695.9,34.98833,-117.86472,0205,-9999,0,9999,0,9999,0,9999
EDWARDS AFB NORTH AUXILIARY AIRFIELD CA US,695.9,34.98833,-117.86472,0206,-9999,0,9999,5,10004,0,9999
EDWARDS AFB NORTH AUXILIARY AIRFIELD CA US,695.9,34.98833,-117.86472,0207,-9999,0,9999,5,10004,0,9999
EDWARDS AFB NORTH AUXILIARY AIRFIELD CA US,695.9,34.98833,-117.86472,0208,-9999,0,9999,5,10004,0,9999
EDWARDS AFB NORTH AUXILIARY AIRFIELD CA US,695.9,34.98833,-117.86472,0209,-9999,0,9999,5,10004,0,9999
EDWARDS AFB NORTH AUXILIARY AIRFIELD CA US,695.9,34.98833,-117.86472,0210,-9999,0,9999,5,10004,0,9999
EDWARDS AFB NORTH AUXILIARY AIRFIELD CA US,695.9,34.98833,-117.86472,0211,-9999,0,9999,5,10004,0,9999
EDWARDS AFB NORTH AUXILIARY AIRFIELD CA US,695.9,34.98833,-117.86472,0212,-9999,0,9999,5,10004,0,9999
EDWARDS AFB NORTH AUXILIARY AIRFIELD CA US,695.9,34.98833,-117.86472,0213,-9999,0,9999,5,10004,0,9999
EDWARDS AFB NORTH AUXILIARY AIRFIELD CA US,695.9,34.98833,-117.86472,0214,-9999,0,9999,5,10004,0,9999
EDWARDS AFB NORTH AUXILIARY AIRFIELD CA US,695.9,34.98833,-117.86472,0215,-9999,0,9999,5,10004,0,9999
EDWARDS AFB NORTH AUXILIARY AIRFIELD CA US,695.9,34.98833,-117.86472,0216,-9999,0,9999,5,10004,0,9999
EDWARDS AFB NORTH AUXILIARY AIRFIELD CA US,695.9,34.98833,-117.86472,0217,-9999,0,9999,5,10004,0,9999
EDWARDS AFB NORTH AUXILIARY AIRFIELD CA US,695.9,34.98833,-117.86472,0218,-9999,0,9999,5,10004,0,9999
EDWARDS AFB NORTH AUXILIARY AIRFIELD CA US,695.9,34.98833,-117.86472,0219,-9999,10,10009,5,10004,0,9999
EDWARDS AFB NORTH AUXILIARY AIRFIELD CA US,695.9,34.98833,-117.86472,0220,-9999,10,10009,5,10004,0,9999
EDWARDS AFB NORTH AUXILIARY AIRFIELD CA US,695.9,34.98833,-117.86472,0221,-9999,10,10009,5,10004,0,9999
EDWARDS AFB NORTH AUXILIARY AIRFIELD CA US,695.9,34.98833,-117.86472,0222,-9999,10,10009,5,10004,0,9999
EDWARDS AFB NORTH AUXILIARY AIRFIELD CA US,695.9,34.98833,-117.86472,0223,-9999,10,10009,5,10004,0,9999
EDWARDS AFB NORTH AUXILIARY AIRFIELD CA US,695.9,34.98833,-117.86472,0224,-9999,10,10009,5,10004,0,9999
EDWARDS AFB NORTH AUXILIARY AIRFIELD CA US,695.9,34.98833,-117.86472,0225,-9999,10,10009,5,10004,0,9999
EDWARDS AFB NORTH AUXILIARY AIRFIELD CA US,695.9,34.98833,-117.86472,0226,-9999,10,10009,10,10009,0,9999
EDWARDS AFB NORTH AUXILIARY AIRFIELD CA US,695.9,34.98833,-117.86472,0227,-9999,10,10009,13,10012,0,9999
EDWARDS AFB NORTH AUXILIARY AIRFIELD CA US,695.9,34.98833,-117.86472,0228,-9999,10,10009,252,10251,0,9999
EDWARDS AFB NORTH AUXILIARY AIRFIELD CA US,695.9,34.98833,-117.86472,0301,-9999,10,10009,252,10251,0,9999
EDWARDS AFB NORTH AUXILIARY AIRFIELD CA US,695.9,34.98833,-117.86472,0302,-9999,10,10009,252,10251,0,9999
EDWARDS AFB NORTH AUXILIARY AIRFIELD CA US,695.9,34.98833,-117.86472,0303,-9999,10,10009,252,10251,0,9999
EDWARDS AFB NORTH AUXILIARY AIRFIELD CA US,695.9,34.98833,-117.86472,0304,-9999,10,10009,252,10251,0,9999
EDWARDS AFB NORTH AUXILIARY AIRFIELD CA US,695.9,34.98833,-117.86472,0305,-9999,10,10009,252,10251,0,9999
EDWARDS AFB NORTH AUXILIARY AIRFIELD CA US,695.9,34.98833,-117.86472,0306,-9999,10,10009,252,10251,0,9999
EDWARDS AFB NORTH AUXILIARY AIRFIELD CA US,695.9,34.98833,-117.86472,0307,-9999,10,10009,252,10251,0,9999
EDWARDS AFB NORTH AUXILIARY AIRFIELD CA US,695.9,34.98833,-117.86472,0308,-9999,35,10034,252,10251,0,9999
EDWARDS AFB NORTH AUXILIARY AIRFIELD CA US,695.9,34.98833,-117.86472,0309,-9999,35,10034,252,10251,0,9999
EDWARDS AFB NORTH AUXILIARY AIRFIELD CA US,695.9,34.98833,-117.86472,0310,-9999,35,10034,252,10251,0,9999
EDWARDS AFB NORTH AUXILIARY AIRFIELD CA US,695.9,34.98833,-117.86472,0311,-9999,35,10034,252,10251,0,9999
EDWARDS AFB NORTH AUXILIARY AIRFIELD CA US,695.9,34.98833,-117.86472,0312,-9999,35,10034,252,10251,0,9999
EDWARDS AFB NORTH AUXILIARY AIRFIELD CA US,695.9,34.98833,-117.86472,0313,-9999,35,10034,252,10251,0,9999
EDWARDS AFB NORTH AUXILIARY AIRFIELD CA US,695.9,34.98833,-117.86472,0314,-9999,35,10034,252,10251,0,9999
EDWARDS AFB NORTH AUXILIARY AIRFIELD CA US,695.9,34.98833,-117.86472,0315,-9999,35,10034,252,10251,0,9999
EDWARDS AFB NORTH AUXILIARY AIRFIELD CA US,695.9,34.98833,-117.86472,0316,-9999,35,10034,252,10251,0,9999
EDWARDS AFB NORTH AUXILIARY AIRFIELD CA US,695.9,34.98833,-117.86472,0317,-9999,35,10034,252,10251,0,9999
EDWARDS AFB NORTH AUXILIARY AIRFIELD CA US,695.9,34.98833,-117.86472,0318,-9999,35,10034,252,10251,0,9999
EDWARDS AFB NORTH AUXILIARY AIRFIELD CA US,695.9,34.98833,-117.86472,0319,-9999,35,10034,252,10251,0,9999
EDWARDS AFB NORTH AUXILIARY AIRFIELD CA US,695.9,34.98833,-117.86472,0320,-9999,35,10034,252,10251,0,9999
EDWARDS AFB NORTH AUXILIARY AIRFIELD CA US,695.9,34.98833,-117.86472,0321,-9999,35,10034,252,10251,0,9999
EDWARDS AFB NORTH AUXILIARY AIRFIELD CA US,695.9,34.98833,-117.86472,0322,-9999,35,10034,252,10251,0,9999
EDWARDS AFB NORTH AUXILIARY AIRFIELD CA US,695.9,34.98833,-117.86472,0323,-9999,35,10034,252,10251,0,9999
EDWARDS AFB NORTH AUXILIARY AIRFIELD CA US,695.9,34.98833,-117.86472,0324,-9999,35,10034,252,10251,0,9999
EDWARDS AFB NORTH AUXILIARY AIRFIELD CA US,695.9,34.98833,-117.86472,0325,-9999,35,10034,252,10251,0,9999
EDWARDS AFB NORTH AUXILIARY AIRFIELD CA US,695.9,34.98833,-117.86472,0326,-9999,35,10034,252,10251,0,9999
EDWARDS AFB NORTH AUXILIARY AIRFIELD CA US,695.9,34.98833,-117.86472,0327,-9999,35,10034,252,10251,0,9999
EDWARDS AFB NORTH AUXILIARY AIRFIELD CA US,695.9,34.98833,-117.86472,0328,-9999,35,10034,252,10251,0,9999
EDWARDS AFB NORTH AUXILIARY AIRFIELD CA US,695.9,34.98833,-117.86472,0329,-9999,35,10034,252,10251,0,9999
EDWARDS AFB NORTH AUXILIARY AIRFIELD CA US,695.9,34.98833,-117.86472,0330,-9999,35,10034,252,10251,0,9999
EDWARDS AFB NORTH AUXILIARY AIRFIELD CA US,695.9,34.98833,-117.86472,0331,-9999,35,10034,252,10251,0,9999
EDWARDS AFB NORTH AUXILIARY AIRFIELD CA US,695.9,34.98833,-117.86472,0401,-9999,35,10034,272,10271,0,9999
EDWARDS AFB NORTH AUXILIARY AIRFIELD CA US,695.9,34.98833,-117.86472,0402,-9999,35,10034,272,10271,0,9999
EDWARDS AFB NORTH AUXILIARY AIRFIELD CA US,695.9,34.98833,-117.86472,0403,-9999,35,10034,272,10271,0,9999
EDWARDS AFB NORTH AUXILIARY AIRFIELD CA US,695.9,34.98833,-117.86472,0404,-9999,35,10034,272,10271,0,9999
EDWARDS AFB NORTH AUXILIARY AIRFIELD CA US,695.9,34.98833,-117.86472,0405,-9999,35,10034,272,10271,0,9999
EDWARDS AFB NORTH AUXILIARY AIRFIELD CA US,695.9,34.98833,-117.86472,0406,-9999,35,10034,272,10271,0,9999
EDWARDS AFB NORTH AUXILIARY AIRFIELD CA US,695.9,34.98833,-117.86472,0407,-9999,35,10034,272,10271,0,9999
EDWARDS AFB NORTH AUXILIARY AIRFIELD CA US,695.9,34.98833,-117.86472,0408,-9999,35,10034,272,10271,0,9999
EDWARDS AFB NORTH AUXILIARY AIRFIELD CA US,695.9,34.98833,-117.86472,0409,-9999,35,10034,272,10271,0,9999
EDWARDS AFB NORTH AUXILIARY AIRFIELD CA US,695.9,34.98833,-117.86472,0410,-9999,35,10034,272,10271,0,9999
EDWARDS AFB NORTH AUXILIARY AIRFIELD CA US,695.9,34.98833,-117.86472,0411,-9999,35,10034,272,10271,0,9999
EDWARDS AFB NORTH AUXILIARY AIRFIELD CA US,695.9,34.98833,-117.86472,0412,-9999,35,10034,272,10271,0,9999
EDWARDS AFB NORTH AUXILIARY AIRFIELD CA US,695.9,34.98833,-117.86472,0413,-9999,35,10034,272,10271,0,9999
EDWARDS AFB NORTH AUXILIARY AIRFIELD CA US,695.9,34.98833,-117.86472,0414,-9999,35,10034,272,10271,0,9999
EDWARDS AFB NORTH AUXILIARY AIRFIELD CA US,695.9,34.98833,-117.86472,0415,-9999,35,10034,272,10271,0,9999
EDWARDS AFB NORTH AUXILIARY AIRFIELD CA US,695.9,34.98833,-117.86472,0416,-9999,35,10034,272,10271,0,9999
EDWARDS AFB NORTH AUXILIARY AIRFIELD CA US,695.9,34.98833,-117.86472,0417,-9999,35,10034,272,10271,0,9999
EDWARDS AFB NORTH AUXILIARY AIRFIELD CA US,695.9,34.98833,-117.86472,0418,-9999,35,10034,272,10271,0,9999
EDWARDS AFB NORTH AUXILIARY AIRFIELD CA US,695.9,34.98833,-117.86472,0419,-9999,35,10034,272,10271,0,9999
EDWARDS AFB NORTH AUXILIARY AIRFIELD CA US,695.9,34.98833,-117.86472,0420,-9999,35,10034,272,10271,0,9999
EDWARDS AFB NORTH AUXILIARY AIRFIELD CA US,695.9,34.98833,-117.86472,0421,-9999,35,10034,272,10271,0,9999
EDWARDS AFB NORTH AUXILIARY AIRFIELD CA US,695.9,34.98833,-117.86472,0422,-9999,35,10034,272,10271,0,9999
EDWARDS AFB NORTH AUXILIARY AIRFIELD CA US,695.9,34.98833,-117.86472,0423,-9999,35,10034,272,10271,0,9999
EDWARDS AFB NORTH AUXILIARY AIRFIELD CA US,695.9,34.98833,-117.86472,0424,-9999,35,10034,272,10271,0,9999
EDWARDS AFB NORTH AUXILIARY AIRFIELD CA US,695.9,34.98833,-117.86472,0425,-9999,35,10034,295,10294,0,9999
EDWARDS AFB NORTH AUXILIARY AIRFIELD CA US,695.9,34.98833,-117.86472,0426,-9999,35,10034,305,10304,0,9999
EDWARDS AFB NORTH AUXILIARY AIRFIELD CA US,695.9,34.98833,-117.86472,0427,-9999,35,10034,305,10304,0,9999
EDWARDS AFB NORTH AUXILIARY AIRFIELD CA US,695.9,34.98833,-117.86472,0428,-9999,35,10034,305,10304,0,9999
EDWARDS AFB NORTH AUXILIARY AIRFIELD CA US,695.9,34.98833,-117.86472,0429,-9999,35,10034,305,10304,0,9999
EDWARDS AFB NORTH AUXILIARY AIRFIELD CA US,695.9,34.98833,-117.86472,0430,-9999,35,10034,305,10304,0,9999
EDWARDS AFB NORTH AUXILIARY AIRFIELD CA US,695.9,34.98833,-117.86472,0501,-9999,35,10034,305,10304,0,9999
EDWARDS AFB NORTH AUXILIARY AIRFIELD CA US,695.9,34.98833,-117.86472,0502,-9999,35,10034,305,10304,0,9999
EDWARDS AFB NORTH AUXILIARY AIRFIELD CA US,695.9,34.98833,-117.86472,0503,-9999,35,10034,305,10304,0,9999
EDWARDS AFB NORTH AUXILIARY AIRFIELD CA US,695.9,34.98833,-117.86472,0504,-9999,35,10034,305,10304,0,9999
EDWARDS AFB NORTH AUXILIARY AIRFIELD CA US,695.9,34.98833,-117.86472,0505,-9999,35,10034,305,10304,0,9999
EDWARDS AFB NORTH AUXILIARY AIRFIELD CA US,695.9,34.98833,-117.86472,0506,-9999,60,10059,305,10304,0,9999
EDWARDS AFB NORTH AUXILIARY AIRFIELD CA US,695.9,34.98833,-117.86472,0507,-9999,60,10059,305,10304,0,9999
EDWARDS AFB NORTH AUXILIARY AIRFIELD CA US,695.9,34.98833,-117.86472,0508,-9999,60,10059,305,10304,0,9999
EDWARDS AFB NORTH AUXILIARY AIRFIELD CA US,695.9,34.98833,-117.86472,0509,-9999,60,10059,305,10304,0,9999
EDWARDS AFB NORTH AUXILIARY AIRFIELD CA US,695.9,34.98833,-117.86472,0510,-9999,60,10059,305,10304,0,9999
EDWARDS AFB NORTH AUXILIARY AIRFIELD CA US,695.9,34.98833,-117.86472,0511,-9999,60,10059,305,10304,0,9999
EDWARDS AFB NORTH AUXILIARY AIRFIELD CA US,695.9,34.98833,-117.86472,0512,-9999,60,10059,305,10304,0,9999
EDWARDS AFB NORTH AUXILIARY AIRFIELD CA US,695.9,34.98833,-117.86472,0513,-9999,60,10059,305,10304,0,9999
EDWARDS AFB NORTH AUXILIARY AIRFIELD CA US,695.9,34.98833,-117.86472,0514,-9999,60,10059,305,10304,0,9999
EDWARDS AFB NORTH AUXILIARY AIRFIELD CA US,695.9,34.98833,-117.86472,0515,-9999,60,10059,305,10304,0,9999
EDWARDS AFB NORTH AUXILIARY AIRFIELD CA US,695.9,34.98833,-117.86472,0516,-9999,60,10059,305,10304,0,9999
EDWARDS AFB NORTH AUXILIARY AIRFIELD CA US,695.9,34.98833,-117.86472,0517,-9999,60,10059,305,10304,0,9999
EDWARDS AFB NORTH AUXILIARY AIRFIELD CA US,695.9,34.98833,-117.86472,0518,-9999,60,10059,305,10304,0,9999
EDWARDS AFB NORTH AUXILIARY AIRFIELD CA US,695.9,34.98833,-117.86472,0519,-9999,60,10059,305,10304,0,9999
EDWARDS AFB NORTH AUXILIARY AIRFIELD CA US,695.9,34.98833,-117.86472,0520,-9999,60,10059,305,10304,0,9999
EDWARDS AFB NORTH AUXILIARY AIRFIELD CA US,695.9,34.98833,-117.86472,0521,-9999,60,10059,305,10304,0,9999
EDWARDS AFB NORTH AUXILIARY AIRFIELD CA US,695.9,34.98833,-117.86472,0522,-9999,60,10059,305,10304,0,9999
EDWARDS AFB NORTH AUXILIARY AIRFIELD CA US,695.9,34.98833,-117.86472,0523,-9999,60,10059,305,10304,0,9999
EDWARDS AFB NORTH AUXILIARY AIRFIELD CA US,695.9,34.98833,-117.86472,0524,-9999,60,10059,305,10304,0,9999
EDWARDS AFB NORTH AUXILIARY AIRFIELD CA US,695.9,34.98833,-117.86472,0525,-9999,60,10059,305,10304,0,9999
EDWARDS AFB NORTH AUXILIARY AIRFIELD CA US,695.9,34.98833,-117.86472,0526,-9999,60,10059,305,10304,0,9999
EDWARDS AFB NORTH AUXILIARY AIRFIELD CA US,695.9,34.98833,-117.86472,0527,-9999,60,10059,305,10304,0,9999
EDWARDS AFB NORTH AUXILIARY AIRFIELD CA US,695.9,34.98833,-117.86472,0528,-9999,60,10059,305,10304,0,9999
EDWARDS AFB NORTH AUXILIARY AIRFIELD CA US,695.9,34.98833,-117.86472,0529,-9999,60,10059,305,10304,0,9999
EDWARDS AFB NORTH AUXILIARY AIRFIELD CA US,695.9,34.98833,-117.86472,0530,-9999,60,10059,305,10304,0,9999
EDWARDS AFB NORTH AUXILIARY AIRFIELD CA US,695.9,34.98833,-117.86472,0531,-9999,60,10059,305,10304,0,9999
EDWARDS AFB NORTH AUXILIARY AIRFIELD CA US,695.9,34.98833,-117.86472,0601,-9999,60,10059,305,10304,0,9999
EDWARDS AFB NORTH AUXILIARY AIRFIELD CA US,695.9,34.98833,-117.86472,0602,-9999,60,10059,305,10304,0,9999
EDWARDS AFB NORTH AUXILIARY AIRFIELD CA US,695.9,34.98833,-117.86472,0603,-9999,60,10059,305,10304,0,9999
EDWARDS AFB NORTH AUXILIARY AIRFIELD CA US,695.9,34.98833,-117.86472,0604,-9999,60,10059,305,10304,0,9999
EDWARDS AFB NORTH AUXILIARY AIRFIELD CA US,695.9,34.98833,-117.86472,0605,-9999,60,10059,305,10304,0,9999
EDWARDS AFB NORTH AUXILIARY AIRFIELD CA US,695.9,34.98833,-117.86472,0606,-9999,60,10059,305,10304,0,9999
EDWARDS AFB NORTH AUXILIARY AIRFIELD CA US,695.9,34.98833,-117.86472,0607,-9999,60,10059,305,10304,0,9999
EDWARDS AFB NORTH AUXILIARY AIRFIELD CA US,695.9,34.98833,-117.86472,0608,-9999,60,10059,305,10304,0,9999
EDWARDS AFB NORTH AUXILIARY AIRFIELD CA US,695.9,34.98833,-117.86472,0609,-9999,60,10059,305,10304,0,9999
EDWARDS AFB NORTH AUXILIARY AIRFIELD CA US,695.9,34.98833,-117.86472,0610,-9999,60,10059,305,10304,0,9999
EDWARDS AFB NORTH AUXILIARY AIRFIELD CA US,695.9,34.98833,-117.86472,0611,-9999,60,10059,305,10304,0,9999
EDWARDS AFB NORTH AUXILIARY AIRFIELD CA US,695.9,34.98833,-117.86472,0612,-9999,60,10059,305,10304,0,9999
EDWARDS AFB NORTH AUXILIARY AIRFIELD CA US,695.9,34.98833,-117.86472,0613,-9999,60,10059,305,10304,0,9999
EDWARDS AFB NORTH AUXILIARY AIRFIELD CA US,695.9,34.98833,-117.86472,0614,-9999,60,10059,305,10304,0,9999
EDWARDS AFB NORTH AUXILIARY AIRFIELD CA US,695.9,34.98833,-117.86472,0615,-9999,60,10059,305,10304,0,9999
EDWARDS AFB NORTH AUXILIARY AIRFIELD CA US,695.9,34.98833,-117.86472,0616,-9999,60,10059,305,10304,0,9999
EDWARDS AFB NORTH AUXILIARY AIRFIELD CA US,695.9,34.98833,-117.86472,0617,-9999,60,10059,305,10304,0,9999
EDWARDS AFB NORTH AUXILIARY AIRFIELD CA US,695.9,34.98833,-117.86472,0618,-9999,60,10059,305,10304,0,9999
EDWARDS AFB NORTH AUXILIARY AIRFIELD CA US,695.9,34.98833,-117.86472,0619,-9999,60,10059,305,10304,0,9999
EDWARDS AFB NORTH AUXILIARY AIRFIELD CA US,695.9,34.98833,-117.86472,0620,-9999,60,10059,305,10304,0,9999
EDWARDS AFB NORTH AUXILIARY AIRFIELD CA US,695.9,34.98833,-117.86472,0621,-9999,60,10059,305,10304,0,9999
EDWARDS AFB NORTH AUXILIARY AIRFIELD CA US,695.9,34.98833,-117.86472,0622,-9999,60,10059,305,10304,0,9999
EDWARDS AFB NORTH AUXILIARY AIRFIELD CA US,695.9,34.98833,-117.86472,0623,-9999,60,10059,305,10304,0,9999
EDWARDS AFB NORTH AUXILIARY AIRFIELD CA US,695.9,34.98833,-117.86472,0624,-9999,60,10059,305,10304,0,9999
EDWARDS AFB NORTH AUXILIARY AIRFIELD CA US,695.9,34.98833,-117.86472,0625,-9999,60,10059,305,10304,0,9999
EDWARDS AFB NORTH AUXILIARY AIRFIELD CA US,695.9,34.98833,-117.86472,0626,-9999,60,10059,305,10304,0,9999
EDWARDS AFB NORTH AUXILIARY AIRFIELD CA US,695.9,34.98833,-117.86472,0627,-9999,60,10059,305,10304,0,9999
EDWARDS AFB NORTH AUXILIARY AIRFIELD CA US,695.9,34.98833,-117.86472,0628,-9999,60,10059,305,10304,0,9999
EDWARDS AFB NORTH AUXILIARY AIRFIELD CA US,695.9,34.98833,-117.86472,0629,-9999,60,10059,305,10304,0,9999
EDWARDS AFB NORTH AUXILIARY AIRFIELD CA US,695.9,34.98833,-117.86472,0630,-9999,60,10059,305,10304,0,9999
EDWARDS AFB NORTH AUXILIARY AIRFIELD CA US,695.9,34.98833,-117.86472,0701,-9999,60,10059,305,10304,0,9999
EDWARDS AFB NORTH AUXILIARY AIRFIELD CA US,695.9,34.98833,-117.86472,0702,-9999,60,10059,305,10304,0,9999
EDWARDS AFB NORTH AUXILIARY AIRFIELD CA US,695.9,34.98833,-117.86472,0703,-9999,60,10059,305,10304,0,9999
EDWARDS AFB NORTH AUXILIARY AIRFIELD CA US,695.9,34.98833,-117.86472,0704,-9999,60,10059,305,10304,0,9999
EDWARDS AFB NORTH AUXILIARY AIRFIELD CA US,695.9,34.98833,-117.86472,0705,-9999,60,10059,305,10304,0,9999
EDWARDS AFB NORTH AUXILIARY AIRFIELD CA US,695.9,34.98833,-117.86472,0706,-9999,60,10059,305,10304,0,9999
EDWARDS AFB NORTH AUXILIARY AIRFIELD CA US,695.9,34.98833,-117.86472,0707,-9999,60,10059,305,10304,0,9999
EDWARDS AFB NORTH AUXILIARY AIRFIELD CA US,695.9,34.98833,-117.86472,0708,-9999,60,10059,305,10304,0,9999
EDWARDS AFB NORTH AUXILIARY AIRFIELD CA US,695.9,34.98833,-117.86472,0709,-9999,60,10059,305,10304,0,9999
EDWARDS AFB NORTH AUXILIARY AIRFIELD CA US,695.9,34.98833,-117.86472,0710,-9999,60,10059,305,10304,0,9999
EDWARDS AFB NORTH AUXILIARY AIRFIELD CA US,695.9,34.98833,-117.86472,0711,-9999,60,10059,305,10304,0,9999
EDWARDS AFB NORTH AUXILIARY AIRFIELD CA US,695.9,34.98833,-117.86472,0712,-9999,60,10059,305,10304,0,9999
EDWARDS AFB NORTH AUXILIARY AIRFIELD CA US,695.9,34.98833,-117.86472,0713,-9999,60,10059,305,10304,0,9999
EDWARDS AFB NORTH AUXILIARY AIRFIELD CA US,695.9,34.98833,-117.86472,0714,-9999,60,10059,305,10304,0,9999
EDWARDS AFB NORTH AUXILIARY AIRFIELD CA US,695.9,34.98833,-117.86472,0715,-9999,60,10059,305,10304,0,9999
EDWARDS AFB NORTH AUXILIARY AIRFIELD CA US,695.9,34.98833,-117.86472,0716,-9999,60,10059,305,10304,0,9999
EDWARDS AFB NORTH AUXILIARY AIRFIELD CA US,695.9,34.98833,-117.86472,0717,-9999,60,10059,305,10304,0,9999
EDWARDS AFB NORTH AUXILIARY AIRFIELD CA US,695.9,34.98833,-117.86472,0718,-9999,60,10059,305,10304,0,9999
EDWARDS AFB NORTH AUXILIARY AIRFIELD CA US,695.9,34.98833,-117.86472,0719,-9999,60,10059,305,10304,0,9999
EDWARDS AFB NORTH AUXILIARY AIRFIELD CA US,695.9,34.98833,-117.86472,0720,-9999,60,10059,305,10304,0,9999
EDWARDS AFB NORTH AUXILIARY AIRFIELD CA US,695.9,34.98833,-117.86472,0721,-9999,60,10059,305,10304,0,9999
EDWARDS AFB NORTH AUXILIARY AIRFIELD CA US,695.9,34.98833,-117.86472,0722,-9999,60,10059,305,10304,0,9999
EDWARDS AFB NORTH AUXILIARY AIRFIELD CA US,695.9,34.98833,-117.86472,0723,-9999,60,10059,305,10304,0,9999
EDWARDS AFB NORTH AUXILIARY AIRFIELD CA US,695.9,34.98833,-117.86472,0724,-9999,60,10059,305,10304,0,9999
EDWARDS AFB NORTH AUXILIARY AIRFIELD CA US,695.9,34.98833,-117.86472,0725,-9999,60,10059,305,10304,0,9999
EDWARDS AFB NORTH AUXILIARY AIRFIELD CA US,695.9,34.98833,-117.86472,0726,-9999,60,10059,305,10304,0,9999
EDWARDS AFB NORTH AUXILIARY AIRFIELD CA US,695.9,34.98833,-117.86472,0727,-9999,60,10059,305,10304,0,9999
EDWARDS AFB NORTH AUXILIARY AIRFIELD CA US,695.9,34.98833,-117.86472,0728,-9999,60,10059,305,10304,0,9999
EDWARDS AFB NORTH AUXILIARY AIRFIELD CA US,695.9,34.98833,-117.86472,0729,-9999,60,10059,305,10304,0,9999
EDWARDS AFB NORTH AUXILIARY AIRFIELD CA US,695.9,34.98833,-117.86472,0730,-9999,60,10059,305,10304,0,9999
EDWARDS AFB NORTH AUXILIARY AIRFIELD CA US,695.9,34.98833,-117.86472,0731,-9999,60,10059,305,10304,0,9999
EDWARDS AFB NORTH AUXILIARY AIRFIELD CA US,695.9,34.98833,-117.86472,0801,-9999,60,10059,305,10304,0,9999
EDWARDS AFB NORTH AUXILIARY AIRFIELD CA US,695.9,34.98833,-117.86472,0802,-9999,60,10059,305,10304,0,9999
EDWARDS AFB NORTH AUXILIARY AIRFIELD CA US,695.9,34.98833,-117.86472,0803,-9999,60,10059,305,10304,0,9999
EDWARDS AFB NORTH AUXILIARY AIRFIELD CA US,695.9,34.98833,-117.86472,0804,-9999,60,10059,305,10304,0,9999
EDWARDS AFB NORTH AUXILIARY AIRFIELD CA US,695.9,34.98833,-117.86472,0805,-9999,60,10059,305,10304,0,9999
EDWARDS AFB NORTH AUXILIARY AIRFIELD CA US,695.9,34.98833,-117.86472,0806,-9999,60,10059,305,10304,0,9999
EDWARDS AFB NORTH AUXILIARY AIRFIELD CA US,695.9,34.98833,-117.86472,0807,-9999,60,10059,305,10304,0,9999
EDWARDS AFB NORTH AUXILIARY AIRFIELD CA US,695.9,34.98833,-117.86472,0808,-9999,60,10059,305,10304,0,9999
EDWARDS AFB NORTH AUXILIARY AIRFIELD CA US,695.9,34.98833,-117.86472,0809,-9999,60,10059,305,10304,0,9999
EDWARDS AFB NORTH AUXILIARY AIRFIELD CA US,695.9,34.98833,-117.86472,0810,-9999,60,10059,305,10304,0,9999
EDWARDS AFB NORTH AUXILIARY AIRFIELD CA US,695.9,34.98833,-117.86472,0811,-9999,60,10059,305,10304,0,9999
EDWARDS AFB NORTH AUXILIARY AIRFIELD CA US,695.9,34.98833,-117.86472,0812,-9999,60,10059,305,10304,0,9999
EDWARDS AFB NORTH AUXILIARY AIRFIELD CA US,695.9,34.98833,-117.86472,0813,-9999,60,10059,305,10304,0,9999
EDWARDS AFB NORTH AUXILIARY AIRFIELD CA US,695.9,34.98833,-117.86472,0814,-9999,60,10059,305,10304,0,9999
EDWARDS AFB NORTH AUXILIARY AIRFIELD CA US,695.9,34.98833,-117.86472,0815,-9999,60,10059,305,10304,0,9999
EDWARDS AFB NORTH AUXILIARY AIRFIELD CA US,695.9,34.98833,-117.86472,0816,-9999,60,10059,305,10304,0,9999
EDWARDS AFB NORTH AUXILIARY AIRFIELD CA US,695.9,34.98833,-117.86472,0817,-9999,60,10059,305,10304,0,9999
EDWARDS AFB NORTH AUXILIARY AIRFIELD CA US,695.9,34.98833,-117.86472,0818,-9999,60,10059,305,10304,0,9999
EDWARDS AFB NORTH AUXILIARY AIRFIELD CA US,695.9,34.98833,-117.86472,0819,-9999,60,10059,305,10304,0,9999
EDWARDS AFB NORTH AUXILIARY AIRFIELD CA US,695.9,34.98833,-117.86472,0820,-9999,60,10059,305,10304,0,9999
EDWARDS AFB NORTH AUXILIARY AIRFIELD CA US,695.9,34.98833,-117.86472,0821,-9999,60,10059,305,10304,0,9999
EDWARDS AFB NORTH AUXILIARY AIRFIELD CA US,695.9,34.98833,-117.86472,0822,-9999,60,10059,305,10304,0,9999
EDWARDS AFB NORTH AUXILIARY AIRFIELD CA US,695.9,34.98833,-117.86472,0823,-9999,60,10059,305,10304,0,9999
EDWARDS AFB NORTH AUXILIARY AIRFIELD CA US,695.9,34.98833,-117.86472,0824,-9999,60,10059,305,10304,0,9999
EDWARDS AFB NORTH AUXILIARY AIRFIELD CA US,695.9,34.98833,-117.86472,0825,-9999,60,10059,305,10304,0,9999
EDWARDS AFB NORTH AUXILIARY AIRFIELD CA US,695.9,34.98833,-117.86472,0826,-9999,60,10059,305,10304,0,9999
EDWARDS AFB NORTH AUXILIARY AIRFIELD CA US,695.9,34.98833,-117.86472,0827,-9999,60,10059,305,10304,0,9999
EDWARDS AFB NORTH AUXILIARY AIRFIELD CA US,695.9,34.98833,-117.86472,0828,-9999,60,10059,305,10304,0,9999
EDWARDS AFB NORTH AUXILIARY AIRFIELD CA US,695.9,34.98833,-117.86472,0829,-9999,60,10059,305,10304,0,9999
EDWARDS AFB NORTH AUXILIARY AIRFIELD CA US,695.9,34.98833,-117.86472,0830,-9999,60,10059,305,10304,0,9999
EDWARDS AFB NORTH AUXILIARY AIRFIELD CA US,695.9,34.98833,-117.86472,0831,-9999,60,10059,305,10304,0,9999
EDWARDS AFB NORTH AUXILIARY AIRFIELD CA US,695.9,34.98833,-117.86472,0901,-9999,60,10059,305,10304,0,9999
EDWARDS AFB NORTH AUXILIARY AIRFIELD CA US,695.9,34.98833,-117.86472,0902,-9999,60,10059,305,10304,0,9999
EDWARDS AFB NORTH AUXILIARY AIRFIELD CA US,695.9,34.98833,-117.86472,0903,-9999,60,10059,305,10304,0,9999
EDWARDS AFB NORTH AUXILIARY AIRFIELD CA US,695.9,34.98833,-117.86472,0904,-9999,60,10059,305,10304,0,9999
EDWARDS AFB NORTH AUXILIARY AIRFIELD CA US,695.9,34.98833,-117.86472,0905,-9999,60,10059,305,10304,0,9999
EDWARDS AFB NORTH AUXILIARY AIRFIELD CA US,695.9,34.98833,-117.86472,0906,-9999,60,10059,305,10304,0,9999
EDWARDS AFB NORTH AUXILIARY AIRFIELD CA US,695.9,34.98833,-117.86472,0907,-9999,60,10059,305,10304,0,9999
EDWARDS AFB NORTH AUXILIARY AIRFIELD CA US,695.9,34.98833,-117.86472,0908,-9999,60,10059,305,10304,0,9999
EDWARDS AFB NORTH AUXILIARY AIRFIELD CA US,695.9,34.98833,-117.86472,0909,-9999,60,10059,305,10304,0,9999
EDWARDS AFB NORTH AUXILIARY AIRFIELD CA US,695.9,34.98833,-117.86472,0910,-9999,60,10059,305,10304,0,9999
EDWARDS AFB NORTH AUXILIARY AIRFIELD CA US,695.9,34.98833,-117.86472,0911,-9999,60,10059,305,10304,0,9999
EDWARDS AFB NORTH AUXILIARY AIRFIELD CA US,695.9,34.98833,-117.86472,0912,-9999,60,10059,305,10304,0,9999
EDWARDS AFB NORTH AUXILIARY AIRFIELD CA US,695.9,34.98833,-117.86472,0913,-9999,60,10059,305,10304,0,9999
EDWARDS AFB NORTH AUXILIARY AIRFIELD CA US,695.9,34.98833,-117.86472,0914,-9999,60,10059,305,10304,0,9999
EDWARDS AFB NORTH AUXILIARY AIRFIELD CA US,695.9,34.98833,-117.86472,0915,-9999,60,10059,305,10304,0,9999
EDWARDS AFB NORTH AUXILIARY AIRFIELD CA US,695.9,34.98833,-117.86472,0916,-9999,60,10059,305,10304,0,9999
EDWARDS AFB NORTH AUXILIARY AIRFIELD CA US,695.9,34.98833,-117.86472,0917,-9999,60,10059,305,10304,0,9999
EDWARDS AFB NORTH AUXILIARY AIRFIELD CA US,695.9,34.98833,-117.86472,0918,-9999,60,10059,305,10304,0,9999
EDWARDS AFB NORTH AUXILIARY AIRFIELD CA US,695.9,34.98833,-117.86472,0919,-9999,60,10059,305,10304,0,9999
EDWARDS AFB NORTH AUXILIARY AIRFIELD CA US,695.9,34.98833,-117.86472,0920,-9999,60,10059,305,10304,0,9999
EDWARDS AFB NORTH AUXILIARY AIRFIELD CA US,695.9,34.98833,-117.86472,0921,-9999,60,10059,305,10304,0,9999
EDWARDS AFB NORTH AUXILIARY AIRFIELD CA US,695.9,34.98833,-117.86472,0922,-9999,60,10059,305,10304,0,9999
EDWARDS AFB NORTH AUXILIARY AIRFIELD CA US,695.9,34.98833,-117.86472,0923,-9999,60,10059,305,10304,0,9999
EDWARDS AFB NORTH AUXILIARY AIRFIELD CA US,695.9,34.98833,-117.86472,0924,-9999,60,10059,305,10304,0,9999
EDWARDS AFB NORTH AUXILIARY AIRFIELD CA US,695.9,34.98833,-117.86472,0925,-9999,60,10059,305,10304,0,9999
EDWARDS AFB NORTH AUXILIARY AIRFIELD CA US,695.9,34.98833,-117.86472,0926,-9999,60,10059,305,10304,0,9999
EDWARDS AFB NORTH AUXILIARY AIRFIELD CA US,695.9,34.98833,-117.86472,0927,-9999,60,10059,305,10304,0,9999
EDWARDS AFB NORTH AUXILIARY AIRFIELD CA US,695.9,34.98833,-117.86472,0928,-9999,60,10059,305,10304,0,9999
EDWARDS AFB NORTH AUXILIARY AIRFIELD CA US,695.9,34.98833,-117.86472,0929,-9999,60,10059,305,10304,0,9999
EDWARDS AFB NORTH AUXILIARY AIRFIELD CA US,695.9,34.98833,-117.86472,0930,-9999,60,10059,305,10304,0,9999
EDWARDS AFB NORTH AUXILIARY AIRFIELD CA US,695.9,34.98833,-117.86472,1001,-9999,60,10059,305,10304,0,9999
EDWARDS AFB NORTH AUXILIARY AIRFIELD CA US,695.9,34.98833,-117.86472,1002,-9999,60,10059,305,10304,0,9999
EDWARDS AFB NORTH AUXILIARY AIRFIELD CA US,695.9,34.98833,-117.86472,1003,-9999,60,10059,305,10304,0,9999
EDWARDS AFB NORTH AUXILIARY AIRFIELD CA US,695.9,34.98833,-117.86472,1004,-9999,60,10059,305,10304,0,9999
EDWARDS AFB NORTH AUXILIARY AIRFIELD CA US,695.9,34.98833,-117.86472,1005,-9999,60,10059,305,10304,0,9999
EDWARDS AFB NORTH AUXILIARY AIRFIELD CA US,695.9,34.98833,-117.86472,1006,-9999,60,10059,305,10304,0,9999
EDWARDS AFB NORTH AUXILIARY AIRFIELD CA US,695.9,34.98833,-117.86472,1007,-9999,60,10059,305,10304,0,9999
EDWARDS AFB NORTH AUXILIARY AIRFIELD CA US,695.9,34.98833,-117.86472,1008,-9999,60,10059,305,10304,0,9999
EDWARDS AFB NORTH AUXILIARY AIRFIELD CA US,695.9,34.98833,-117.86472,1009,-9999,60,10059,305,10304,0,9999
EDWARDS AFB NORTH AUXILIARY AIRFIELD CA US,695.9,34.98833,-117.86472,1010,-9999,60,10059,305,10304,0,9999
EDWARDS AFB NORTH AUXILIARY AIRFIELD CA US,695.9,34.98833,-117.86472,1011,-9999,60,10059,305,10304,0,9999
EDWARDS AFB NORTH AUXILIARY AIRFIELD CA US,695.9,34.98833,-117.86472,1012,-9999,60,10059,305,10304,0,9999
EDWARDS AFB NORTH AUXILIARY AIRFIELD CA US,695.9,34.98833,-117.86472,1013,-9999,60,10059,305,10304,0,9999
EDWARDS AFB NORTH AUXILIARY AIRFIELD CA US,695.9,34.98833,-117.86472,1014,-9999,60,10059,305,10304,0,9999
EDWARDS AFB NORTH AUXILIARY AIRFIELD CA US,695.9,34.98833,-117.86472,1015,-9999,60,10059,305,10304,0,9999
EDWARDS AFB NORTH AUXILIARY AIRFIELD CA US,695.9,34.98833,-117.86472,1016,-9999,60,10059,305,10304,0,9999
EDWARDS AFB NORTH AUXILIARY AIRFIELD CA US,695.9,34.98833,-117.86472,1017,-9999,60,10059,305,10304,0,9999
EDWARDS AFB NORTH AUXILIARY AIRFIELD CA US,695.9,34.98833,-117.86472,1018,-9999,60,10059,305,10304,0,9999
EDWARDS AFB NORTH AUXILIARY AIRFIELD CA US,695.9,34.98833,-117.86472,1019,-9999,60,10059,305,10304,0,9999
EDWARDS AFB NORTH AUXILIARY AIRFIELD CA US,695.9,34.98833,-117.86472,1020,-9999,60,10059,305,10304,0,9999
EDWARDS AFB NORTH AUXILIARY AIRFIELD CA US,695.9,34.98833,-117.86472,1021,-9999,60,10059,305,10304,0,9999
EDWARDS AFB NORTH AUXILIARY AIRFIELD CA US,695.9,34.98833,-117.86472,1022,-9999,60,10059,305,10304,0,9999
EDWARDS AFB NORTH AUXILIARY AIRFIELD CA US,695.9,34.98833,-117.86472,1023,-9999,60,10059,305,10304,0,9999
EDWARDS AFB NORTH AUXILIARY AIRFIELD CA US,695.9,34.98833,-117.86472,1024,-9999,60,10059,305,10304,0,9999
EDWARDS AFB NORTH AUXILIARY AIRFIELD CA US,695.9,34.98833,-117.86472,1025,-9999,60,10059,305,10304,0,9999
EDWARDS AFB NORTH AUXILIARY AIRFIELD CA US,695.9,34.98833,-117.86472,1026,-9999,60,10059,305,10304,0,9999
EDWARDS AFB NORTH AUXILIARY AIRFIELD CA US,695.9,34.98833,-117.86472,1027,-9999,60,10059,305,10304,0,9999
EDWARDS AFB NORTH AUXILIARY AIRFIELD CA US,695.9,34.98833,-117.86472,1028,-9999,60,10059,305,10304,0,9999
EDWARDS AFB NORTH AUXILIARY AIRFIELD CA US,695.9,34.98833,-117.86472,1029,-9999,60,10059,305,10304,0,9999
EDWARDS AFB NORTH AUXILIARY AIRFIELD CA US,695.9,34.98833,-117.86472,1030,-9999,60,10059,305,10304,0,9999
EDWARDS AFB NORTH AUXILIARY AIRFIELD CA US,695.9,34.98833,-117.86472,1031,-9999,60,10059,305,10304,0,9999
EDWARDS AFB NORTH AUXILIARY AIRFIELD CA US,695.9,34.98833,-117.86472,1101,-9999,60,10059,305,10304,0,9999
EDWARDS AFB NORTH AUXILIARY AIRFIELD CA US,695.9,34.98833,-117.86472,1102,-9999,60,10059,305,10304,0,9999
EDWARDS AFB NORTH AUXILIARY AIRFIELD CA US,695.9,34.98833,-117.86472,1103,-9999,60,10059,305,10304,0,9999
EDWARDS AFB NORTH AUXILIARY AIRFIELD CA US,695.9,34.98833,-117.86472,1104,-9999,60,10059,305,10304,0,9999
EDWARDS AFB NORTH AUXILIARY AIRFIELD CA US,695.9,34.98833,-117.86472,1105,-9999,60,10059,305,10304,0,9999
EDWARDS AFB NORTH AUXILIARY AIRFIELD CA US,695.9,34.98833,-117.86472,1106,-9999,60,10059,305,10304,0,9999
EDWARDS AFB NORTH AUXILIARY AIRFIELD CA US,695.9,34.98833,-117.86472,1107,-9999,60,10059,305,10304,0,9999
EDWARDS AFB NORTH AUXILIARY AIRFIELD CA US,695.9,34.98833,-117.86472,1108,-9999,60,10059,305,10304,0,9999
EDWARDS AFB NORTH AUXILIARY AIRFIELD CA US,695.9,34.98833,-117.86472,1109,-9999,60,10059,305,10304,0,9999
EDWARDS AFB NORTH AUXILIARY AIRFIELD CA US,695.9,34.98833,-117.86472,1110,-9999,60,10059,305,10304,0,9999
EDWARDS AFB NORTH AUXILIARY AIRFIELD CA US,695.9,34.98833,-117.86472,1111,-9999,60,10059,305,10304,0,9999
EDWARDS AFB NORTH AUXILIARY AIRFIELD CA US,695.9,34.98833,-117.86472,1112,-9999,60,10059,305,10304,0,9999
EDWARDS AFB NORTH AUXILIARY AIRFIELD CA US,695.9,34.98833,-117.86472,1113,-9999,60,10059,305,10304,0,9999
EDWARDS AFB NORTH AUXILIARY AIRFIELD CA US,695.9,34.98833,-117.86472,1114,-9999,60,10059,305,10304,0,9999
EDWARDS AFB NORTH AUXILIARY AIRFIELD CA US,695.9,34.98833,-117.86472,1115,-9999,60,10059,305,10304,0,9999
EDWARDS AFB NORTH AUXILIARY AIRFIELD CA US,695.9,34.98833,-117.86472,1116,-9999,60,10059,305,10304,0,9999
EDWARDS AFB NORTH AUXILIARY AIRFIELD CA US,695.9,34.98833,-117.86472,1117,-9999,60,10059,305,10304,0,9999
EDWARDS AFB NORTH AUXILIARY AIRFIELD CA US,695.9,34.98833,-117.86472,1118,-9999,60,10059,305,10304,0,9999
EDWARDS AFB NORTH AUXILIARY AIRFIELD CA US,695.9,34.98833,-117.86472,1119,-9999,60,10059,305,10304,0,9999
EDWARDS AFB NORTH AUXILIARY AIRFIELD CA US,695.9,34.98833,-117.86472,1120,-9999,60,10059,305,10304,0,9999
EDWARDS AFB NORTH AUXILIARY AIRFIELD CA US,695.9,34.98833,-117.86472,1121,-9999,113,10112,305,10304,0,9999
EDWARDS AFB NORTH AUXILIARY AIRFIELD CA US,695.9,34.98833,-117.86472,1122,-9999,159,10158,305,10304,0,9999
EDWARDS AFB NORTH AUXILIARY AIRFIELD CA US,695.9,34.98833,-117.86472,1123,-9999,192,10191,305,10304,0,9999
EDWARDS AFB NORTH AUXILIARY AIRFIELD CA US,695.9,34.98833,-117.86472,1124,-9999,192,10191,305,10304,0,9999
EDWARDS AFB NORTH AUXILIARY AIRFIELD CA US,695.9,34.98833,-117.86472,1125,-9999,195,10194,305,10304,0,9999
EDWARDS AFB NORTH AUXILIARY AIRFIELD CA US,695.9,34.98833,-117.86472,1126,-9999,195,10194,305,10304,0,9999
EDWARDS AFB NORTH AUXILIARY AIRFIELD CA US,695.9,34.98833,-117.86472,1127,-9999,195,10194,305,10304,0,9999
EDWARDS AFB NORTH AUXILIARY AIRFIELD CA US,695.9,34.98833,-117.86472,1128,-9999,195,10194,305,10304,0,9999
EDWARDS AFB NORTH AUXILIARY AIRFIELD CA US,695.9,34.98833,-117.86472,1129,-9999,195,10194,305,10304,0,9999
EDWARDS AFB NORTH AUXILIARY AIRFIELD CA US,695.9,34.98833,-117.86472,1130,-9999,195,10194,305,10304,0,9999
EDWARDS AFB NORTH AUXILIARY AIRFIELD CA US,695.9,34.98833,-117.86472,1201,-9999,195,10194,305,10304,0,9999
EDWARDS AFB NORTH AUXILIARY AIRFIELD CA US,695.9,34.98833,-117.86472,1202,-9999,195,10194,305,10304,0,9999
EDWARDS AFB NORTH AUXILIARY AIRFIELD CA US,695.9,34.98833,-117.86472,1203,-9999,195,10194,305,10304,0,9999
EDWARDS AFB NORTH AUXILIARY AIRFIELD CA US,695.9,34.98833,-117.86472,1204,-9999,195,10194,305,10304,0,9999
EDWARDS AFB NORTH AUXILIARY AIRFIELD CA US,695.9,34.98833,-117.86472,1205,-9999,195,10194,308,10307,0,9999
EDWARDS AFB NORTH AUXILIARY AIRFIELD CA US,695.9,34.98833,-117.86472,1206,-9999,195,10194,308,10307,0,9999
EDWARDS AFB NORTH AUXILIARY AIRFIELD CA US,695.9,34.98833,-117.86472,1207,-9999,195,10194,311,10310,0,9999
EDWARDS AFB NORTH AUXILIARY AIRFIELD CA US,695.9,34.98833,-117.86472,1208,-9999,195,10194,314,10313,0,9999
EDWARDS AFB NORTH AUXILIARY AIRFIELD CA US,695.9,34.98833,-117.86472,1209,-9999,195,10194,314,10313,0,9999
EDWARDS AFB NORTH AUXILIARY AIRFIELD CA US,695.9,34.98833,-117.86472,1210,-9999,195,10194,314,10313,0,9999
EDWARDS AFB NORTH AUXILIARY AIRFIELD CA US,695.9,34.98833,-117.86472,1211,-9999,195,10194,314,10313,0,9999
EDWARDS AFB NORTH AUXILIARY AIRFIELD CA US,695.9,34.98833,-117.86472,1212,-9999,195,10194,314,10313,0,9999
EDWARDS AFB NORTH AUXILIARY AIRFIELD CA US,695.9,34.98833,-117.86472,1213,-9999,195,10194,314,10313,0,9999
EDWARDS AFB NORTH AUXILIARY AIRFIELD CA US,695.9,34.98833,-117.86472,1214,-9999,195,10194,314,10313,0,9999
EDWARDS AFB NORTH AUXILIARY AIRFIELD CA US,695.9,34.98833,-117.86472,1215,-9999,195,10194,314,10313,0,9999
EDWARDS AFB NORTH AUXILIARY AIRFIELD CA US,695.9,34.98833,-117.86472,1216,-9999,195,10194,314,10313,0,9999
EDWARDS AFB NORTH AUXILIARY AIRFIELD CA US,695.9,34.98833,-117.86472,1217,-9999,195,10194,314,10313,0,9999
EDWARDS AFB NORTH AUXILIARY AIRFIELD CA US,695.9,34.98833,-117.86472,1218,-9999,195,10194,314,10313,0,9999
EDWARDS AFB NORTH AUXILIARY AIRFIELD CA US,695.9,34.98833,-117.86472,1219,-9999,195,10194,314,10313,0,9999
EDWARDS AFB NORTH AUXILIARY AIRFIELD CA US,695.9,34.98833,-117.86472,1220,-9999,195,10194,314,10313,0,9999
EDWARDS AFB NORTH AUXILIARY AIRFIELD CA US,695.9,34.98833,-117.86472,1221,-9999,195,10194,314,10313,0,9999
EDWARDS AFB NORTH AUXILIARY AIRFIELD CA US,695.9,34.98833,-117.86472,1222,-9999,195,10194,314,10313,0,9999
EDWARDS AFB NORTH AUXILIARY AIRFIELD CA US,695.9,34.98833,-117.86472,1223,-9999,195,10194,314,10313,0,9999
EDWARDS AFB NORTH AUXILIARY AIRFIELD CA US,695.9,34.98833,-117.86472,1224,-9999,195,10194,314,10313,0,9999
EDWARDS AFB NORTH AUXILIARY AIRFIELD CA US,695.9,34.98833,-117.86472,1225,-9999,195,10194,314,10313,0,9999
EDWARDS AFB NORTH AUXILIARY AIRFIELD CA US,695.9,34.98833,-117.86472,1226,-9999,195,10194,314,10313,0,9999
EDWARDS AFB NORTH AUXILIARY AIRFIELD CA US,695.9,34.98833,-117.86472,1227,-9999,195,10194,314,10313,0,9999
EDWARDS AFB NORTH AUXILIARY AIRFIELD CA US,695.9,34.98833,-117.86472,1228,-9999,195,10194,314,10313,0,9999
EDWARDS AFB NORTH AUXILIARY AIRFIELD CA US,695.9,34.98833,-117.86472,1229,-9999,195,10194,314,10313,0,9999
EDWARDS AFB NORTH AUXILIARY AIRFIELD CA US,695.9,34.98833,-117.86472,1230,-9999,195,10194,314,10313,0,9999
EDWARDS AFB NORTH AUXILIARY AIRFIELD CA US,695.9,34.98833,-117.86472,1231,-9999,195,10194,314,10313,0,9999
MODESTO CITY CO AIRPORT CA US,22.3,37.62417,-120.95056,0101,8,0,-8,0,-8,0,-8
MODESTO CITY CO AIRPORT CA US,22.3,37.62417,-120.95056,0102,15,0,-15,0,-15,0,-15
MODESTO CITY CO AIRPORT CA US,22.3,37.62417,-120.95056,0103,23,0,-23,0,-23,0,-23
MODESTO CITY CO AIRPORT CA US,22.3,37.62417,-120.95056,0104,31,0,-31,0,-31,0,-31
MODESTO CITY CO AIRPORT CA US,22.3,37.62417,-120.95056,0105,38,147,109,0,-38,0,-38
MODESTO CITY CO AIRPORT CA US,22.3,37.62417,-120.95056,0106,46,287,241,0,-46,0,-46
MODESTO CITY CO AIRPORT CA US,22.3,37.62417,-120.95056,0107,54,287,233,0,-54,0,-54
MODESTO CITY CO AIRPORT CA US,22.3,37.62417,-120.95056,0108,62,287,225,0,-62,0,-62
MODESTO CITY CO AIRPORT CA US,22.3,37.62417,-120.95056,0109,71,287,216,0,-71,0,-71
MODESTO CITY CO AIRPORT CA US,22.3,37.62417,-120.95056,0110,79,287,208,0,-79,0,-79
MODESTO CITY CO AIRPORT CA US,22.3,37.62417,-120.95056,0111,88,287,199,0,-88,0,-88
MODESTO CITY CO AIRPORT CA US,22.3,37.62417,-120.95056,0112,97,287,190,0,-97,0,-97
MODESTO CITY CO AIRPORT CA US,22.3,37.62417,-120.95056,0113,106,287,181,0,-106,0,-106
MODESTO CITY CO AIRPORT CA US,22.3,37.62417,-120.95056,0114,115,287,172,0,-115,0,-115
MODESTO CITY CO AIRPORT CA US,22.3,37.62417,-120.95056,0115,124,287,163,0,-124,0,-124
MODESTO CITY CO AIRPORT CA US,22.3,37.62417,-120.95056,0116,132,287,155,0,-132,0,-132
MODESTO CITY CO AIRPORT CA US,22.3,37.62417,-120.95056,0117,141,287,146,0,-141,0,-141
MODESTO CITY CO AIRPORT CA US,22.3,37.62417,-120.95056,0118,149,287,138,0,-149,0,-149
MODESTO CITY CO AIRPORT CA US,22.3,37.62417,-120.95056,0119,157,287,130,0,-157,0,-157
MODESTO CITY CO AIRPORT CA US,22.3,37.62417,-120.95056,0120,166,287,121,0,-166,0,-166
MODESTO CITY CO AIRPORT CA US,22.3,37.62417,-120.95056,0121,174,287,113,0,-174,0,-174
MODESTO CITY CO AIRPORT CA US,22.3,37.62417,-120.95056,0122,183,287,104,0,-183,0,-183
MODESTO CITY CO AIRPORT CA US,22.3,37.62417,-120.95056,0123,191,287,96,0,-191,0,-191
MODESTO CITY CO AIRPORT CA US,22.3,37.62417,-120.95056,0124,199,323,124,0,-199,0,-199
MODESTO CITY CO AIRPORT CA US,22.3,37.62417,-120.95056,0125,208,323,115,0,-208,0,-208
MODESTO CITY CO AIRPORT CA US,22.3,37.62417,-120.95056,0126,217,323,106,0,-217,0,-217
MODESTO CITY CO AIRPORT CA US,22.3,37.62417,-120.95056,0127,225,323,98,0,-225,0,-225
MODESTO CITY CO AIRPORT CA US,22.3,37.62417,-120.95056,0128,234,323,89,0,-234,0,-234
MODESTO CITY CO AIRPORT CA US,22.3,37.62417,-120.95056,0129,243,323,80,0,-243,0,-243
MODESTO CITY CO AIRPORT CA US,22.3,37.62417,-120.95056,0130,252,323,71,107,-145,0,-252
MODESTO CITY CO AIRPORT CA US,22.3,37.62417,-120.95056,0131,261,323,62,127,-134,0,-261
MODESTO CITY CO AIRPORT CA US,22.3,37.62417,-120.95056,0201,270,323,53,127,-143,0,-270
MODESTO CITY CO AIRPORT CA US,22.3,37.62417,-120.95056,0202,279,323,44,127,-152,0,-279
MODESTO CITY CO AIRPORT CA US,22.3,37.62417,-120.95056,0203,288,323,35,127,-161,0,-288
MODESTO CITY CO AIRPORT CA US,22.3,37.62417,-120.95056,0204,298,323,25,127,-171,0,-298
MODESTO CITY CO AIRPORT CA US,22.3,37.62417,-120.95056,0205,307,323,16,127,-180,0,-307
MODESTO CITY CO AIRPORT CA US,22.3,37.62417,-120.95056,0206,316,323,7,185,-131,25,-291
MODESTO CITY CO AIRPORT CA US,22.3,37.62417,-120.95056,0207,325,326,1,246,-79,116,-209
MODESTO CITY CO AIRPORT CA US,22.3,37.62417,-120.95056,0208,333,329,-4,307,-26,352,19
MODESTO CITY CO AIRPORT CA US,22.3,37.62417,-120.95056,0209,342,329,-13,317,-25,352,10
MODESTO CITY CO AIRPORT CA US,22.3,37.62417,-120.95056,0210,350,329,-21,317,-33,352,2
MODESTO CITY CO AIRPORT CA US,22.3,37.62417,-120.95056,0211,358,329,-29,317,-41,352,-6
MODESTO CITY CO AIRPORT CA US,22.3,37.62417,-120.95056,0212,366,329,-37,317,-49,352,-14
MODESTO CITY CO AIRPORT CA US,22.3,37.62417,-120.95056,0213,374,329,-45,317,-57,352,-22
MODESTO CITY CO AIRPORT CA US,22.3,37.62417,-120.95056,0214,383,329,-54,317,-66,352,-31
MODESTO CITY CO AIRPORT CA US,22.3,37.62417,-120.95056,0215,391,329,-62,320,-71,352,-39
MODESTO CITY CO AIRPORT CA US,22.3,37.62417,-120.95056,0216,399,329,-70,335,-64,352,-47
MODESTO CITY CO AIRPORT CA US,22.3,37.62417,-120.95056,0217,408,329,-79,335,-73,352,-56
MODESTO CITY CO AIRPORT CA US,22.3,37.62417,-120.95056,0218,416,329,-87,335,-81,352,-64
MODESTO CITY CO AIRPORT CA US,22.3,37.62417,-120.95056,0219,424,405,-19,335,-89,352,-72
MODESTO CITY CO AIRPORT CA US,22.3,37.62417,-120.95056,0220,433,405,-28,335,-98,352,-81
MODESTO CITY CO AIRPORT CA US,22.3,37.62417,-120.95056,0221,442,405,-37,335,-107,352,-90
MODESTO CITY CO AIRPORT CA US,22.3,37.62417,-120.95056,0222,450,405,-45,335,-115,446,-4
MODESTO CITY CO AIRPORT CA US,22.3,37.62417,-120.95056,0223,458,405,-53,335,-123,446,-12
MODESTO CITY CO AIRPORT CA US,22.3,37.62417,-120.95056,0224,466,405,-61,335,-131,446,-20
MODESTO CITY CO AIRPORT CA US,22.3,37.62417,-120.95056,0225,475,405,-70,335,-140,446,-29
MODESTO CITY CO AIRPORT CA US,22.3,37.62417,-120.95056,0226,483,405,-78,487,4,446,-37
MODESTO CITY CO AIRPORT CA US,22.3,37.62417,-120.95056,0227,491,405,-86,492,1,446,-45
MODESTO CITY CO AIRPORT CA US,22.3,37.62417,-120.95056,0228,499,405,-94,741,242,446,-53
MODESTO CITY CO AIRPORT CA US,22.3,37.62417,-120.95056,0301,507,405,-102,777,270,446,-61
MODESTO CITY CO AIRPORT CA US,22.3,37.62417,-120.95056,0302,516,405,-111,792,276,446,-70
MODESTO CITY CO AIRPORT CA US,22.3,37.62417,-120.95056,0303,524,405,-119,850,326,446,-78
MODESTO CITY CO AIRPORT CA US,22.3,37.62417,-120.95056,0304,532,405,-127,858,326,446,-86
MODESTO CITY CO AIRPORT CA US,22.3,37.62417,-120.95056,0305,539,408,-131,858,319,446,-93
MODESTO CITY CO AIRPORT CA US,22.3,37.62417,-120.95056,0306,547,423,-124,871,324,446,-101
MODESTO CITY CO AIRPORT CA US,22.3,37.62417,-120.95056,0307,554,426,-128,871,317,446,-108
MODESTO CITY CO AIRPORT CA US,22.3,37.62417,-120.95056,0308,562,426,-136,871,309,446,-116
MODESTO CITY CO AIRPORT CA US,22.3,37.62417,-120.95056,0309,569,426,-143,871,302,446,-123
MODESTO CITY CO AIRPORT CA US,22.3,37.62417,-120.95056,0310,577,426,-151,894,317,446,-131
MODESTO CITY CO AIRPORT CA US,22.3,37.62417,-120.95056,0311,584,426,-158,894,310,494,-90
MODESTO CITY CO AIRPORT CA US,22.3,37.62417,-120.95056,0312,592,426,-166,894,302,494,-98
MODESTO CITY CO AIRPORT CA US,22.3,37.62417,-120.95056,0313,599,426,-173,894,295,494,-105
MODESTO CITY CO AIRPORT CA US,22.3,37.62417,-120.95056,0314,606,426,-180,894,288,494,-112
MODESTO CITY CO AIRPORT CA US,22.3,37.62417,-120.95056,0315,613,426,-187,894,281,494,-119
MODESTO CITY CO AIRPORT CA US,22.3,37.62417,-120.95056,0316,620,426,-194,894,274,494,-126
MODESTO CITY CO AIRPORT CA US,22.3,37.62417,-120.95056,0317,627,426,-201,894,267,494,-133
MODESTO CITY CO AIRPORT CA US,22.3,37.62417,-120.95056,0318,634,426,-208,894,260,494,-140
MODESTO CITY CO AIRPORT CA US,22.3,37.62417,-120.95056,0319,640,444,-196,894,254,494,-146
MODESTO CITY CO AIRPORT CA US,22.3,37.62417,-120.95056,0320,646,449,-197,894,248,494,-152
MODESTO CITY CO AIRPORT CA US,22.3,37.62417,-120.95056,0321,652,449,-203,894,242,494,-158
MODESTO CITY CO AIRPORT CA US,22.3,37.62417,-120.95056,0322,657,449,-208,894,237,494,-163
MODESTO CITY CO AIRPORT CA US,22.3,37.62417,-120.95056,0323,663,449,-214,894,231,494,-169
MODESTO CITY CO AIRPORT CA US,22.3,37.62417,-120.95056,0324,669,449,-220,894,225,494,-175
MODESTO CITY CO AIRPORT CA US,22.3,37.62417,-120.95056,0325,674,449,-225,904,230,494,-180
MODESTO CITY CO AIRPORT CA US,22.3,37.62417,-120.95056,0326,679,449,-230,1013,334,494,-185
MODESTO CITY CO AIRPORT CA US,22.3,37.62417,-120.95056,0327,684,449,-235,1013,329,494,-190
MODESTO CITY CO AIRPORT CA US,22.3,37.62417,-120.95056,0328,689,449,-240,1013,324,494,-195
MODESTO CITY CO AIRPORT CA US,22.3,37.62417,-120.95056,0329,694,449,-245,1143,449,494,-200
MODESTO CITY CO AIRPORT CA US,22.3,37.62417,-120.95056,0330,699,479,-220,1143,444,494,-205
MODESTO CITY CO AIRPORT CA US,22.3,37.62417,-120.95056,0331,703,677,-26,1156,453,494,-209
MODESTO CITY CO AIRPORT CA US,22.3,37.62417,-120.95056,0401,707,677,-30,1306,599,494,-213
MODESTO CITY CO AIRPORT CA US,22.3,37.62417,-120.95056,0402,711,677,-34,1306,595,494,-217
MODESTO CITY CO AIRPORT CA US,22.3,37.62417,-120.95056,0403,715,677,-38,1306,591,494,-221
MODESTO CITY CO AIRPORT CA US,22.3,37.62417,-120.95056,0404,719,763,44,1306,587,494,-225
MODESTO CITY CO AIRPORT CA US,22.3,37.62417,-120.95056,0405,723,763,40,1306,583,494,-229
MODESTO CITY CO AIRPORT CA US,22.3,37.62417,-120.95056,0406,727,763,36,1306,579,494,-233
MODESTO CITY CO AIRPORT CA US,22.3,37.62417,-120.95056,0407,731,763,32,1306,575,598,-133
MODESTO CITY CO AIRPORT CA US,22.3,37.62417,-120.95056,0408,734,763,29,1306,572,601,-133
MODESTO CITY CO AIRPORT CA US,22.3,37.62417,-120.95056,0409,738,763,25,1306,568,601,-137
MODESTO CITY CO AIRPORT CA US,22.3,37.62417,-120.95056,0410,741,763,22,1306,565,601,-140
MODESTO CITY CO AIRPORT CA US,22.3,37.62417,-120.95056,0411,745,763,18,1306,561,601,-144
MODESTO CITY CO AIRPORT CA US,22.3,37.62417,-120.95056,0412,748,763,15,1306,558,601,-147
MODESTO CITY CO AIRPORT CA US,22.3,37.62417,-120.95056,0413,751,763,12,1306,555,601,-150
MODESTO CITY CO AIRPORT CA US,22.3,37.62417,-120.95056,0414,755,763,8,1306,551,601,-154
MODESTO CITY CO AIRPORT CA US,22.3,37.62417,-120.95056,0415,758,763,5,1306,548,601,-157
MODESTO CITY CO AIRPORT CA US,22.3,37.62417,-120.95056,0416,761,763,2,1306,545,601,-160
MODESTO CITY CO AIRPORT CA US,22.3,37.62417,-120.95056,0417,764,763,-1,1306,542,601,-163
MODESTO CITY CO AIRPORT CA US,22.3,37.62417,-120.95056,0418,767,763,-4,1306,539,601,-166
MODESTO CITY CO AIRPORT CA US,22.3,37.62417,-120.95056,0419,770,763,-7,1306,536,601,-169
MODESTO CITY CO AIRPORT CA US,22.3,37.62417,-120.95056,0420,773,763,-10,1306,533,601,-172
MODESTO CITY CO AIRPORT CA US,22.3,37.62417,-120.95056,0421,776,763,-13,1306,530,601,-175
MODESTO CITY CO AIRPORT CA US,22.3,37.62417,-120.95056,0422,779,763,-16,1306,527,601,-178
MODESTO CITY CO AIRPORT CA US,22.3,37.62417,-120.95056,0423,781,763,-18,1306,525,601,-180
MODESTO CITY CO AIRPORT CA US,22.3,37.62417,-120.95056,0424,784,763,-21,1306,522,614,-170
MODESTO CITY CO AIRPORT CA US,22.3,37.62417,-120.95056,0425,787,763,-24,1397,610,655,-132
MODESTO CITY CO AIRPORT CA US,22.3,37.62417,-120.95056,0426,790,763,-27,1397,607,655,-135
MODESTO CITY CO AIRPORT CA US,22.3,37.62417,-120.95056,0427,792,763,-29,1397,605,655,-137
MODESTO CITY CO AIRPORT CA US,22.3,37.62417,-120.95056,0428,795,763,-32,1397,602,655,-140
MODESTO CITY CO AIRPORT CA US,22.3,37.62417,-120.95056,0429,797,763,-34,1397,600,655,-142
MODESTO CITY CO AIRPORT CA US,22.3,37.62417,-120.95056,0430,800,763,-37,1397,597,655,-145
MODESTO CITY CO AIRPORT CA US,22.3,37.62417,-120.95056,0501,803,763,-40,1397,594,655,-148
MODESTO CITY CO AIRPORT CA US,22.3,37.62417,-120.95056,0502,806,763,-43,1397,591,655,-151
MODESTO CITY CO AIRPORT CA US,22.3,37.62417,-120.95056,0503,808,763,-45,1397,589,655,-153
MODESTO CITY CO AIRPORT CA US,22.3,37.62417,-120.95056,0504,811,763,-48,1397,586,655,-156
MODESTO CITY CO AIRPORT CA US,22.3,37.62417,-120.95056,0505,813,763,-50,1397,584,655,-158
MODESTO CITY CO AIRPORT CA US,22.3,37.62417,-120.95056,0506,816,796,-20,1400,584,655,-161
MODESTO CITY CO AIRPORT CA US,22.3,37.62417,-120.95056,0507,818,799,-19,1400,582,655,-163
MODESTO CITY CO AIRPORT CA US,22.3,37.62417,-120.95056,0508,820,799,-21,1400,580,655,-165
MODESTO CITY CO AIRPORT CA US,22.3,37.62417,-120.95056,0509,822,799,-23,1400,578,655,-167
MODESTO CITY CO AIRPORT CA US,22.3,37.62417,-120.95056,0510,825,799,-26,1400,575,655,-170
MODESTO CITY CO AIRPORT CA US,22.3,37.62417,-120.95056,0511,827,799,-28,1400,573,655,-172
MODESTO CITY CO AIRPORT CA US,22.3,37.62417,-120.95056,0512,829,799,-30,1400,571,655,-174
MODESTO CITY CO AIRPORT CA US,22.3,37.62417,-120.95056,0513,831,799,-32,1400,569,655,-176
MODESTO CITY CO AIRPORT CA US,22.3,37.62417,-120.95056,0514,833,799,-34,1400,567,655,-178
MODESTO CITY CO AIRPORT CA US,22.3,37.62417,-120.95056,0515,835,799,-36,1400,565,655,-180
MODESTO CITY CO AIRPORT CA US,22.3,37.62417,-120.95056,0516,838,799,-39,1400,562,655,-183
MODESTO CITY CO AIRPORT CA US,22.3,37.62417,-120.95056,0517,840,799,-41,1400,560,655,-185
MODESTO CITY CO AIRPORT CA US,22.3,37.62417,-120.95056,0518,842,799,-43,1400,558,655,-187
MODESTO CITY CO AIRPORT CA US,22.3,37.62417,-120.95056,0519,844,799,-45,1400,556,655,-189
MODESTO CITY CO AIRPORT CA US,22.3,37.62417,-120.95056,0520,846,799,-47,1400,554,655,-191
MODESTO CITY CO AIRPORT CA US,22.3,37.62417,-120.95056,0521,847,799,-48,1400,553,655,-192
MODESTO CITY CO AIRPORT CA US,22.3,37.62417,-120.95056,0522,849,799,-50,1400,551,655,-194
MODESTO CITY CO AIRPORT CA US,22.3,37.62417,-120.95056,0523,851,799,-52,1400,549,655,-196
MODESTO CITY CO AIRPORT CA US,22.3,37.62417,-120.95056,0524,852,799,-53,1400,548,655,-197
MODESTO CITY CO AIRPORT CA US,22.3,37.62417,-120.95056,0525,854,799,-55,1400,546,655,-199
MODESTO CITY CO AIRPORT CA US,22.3,37.62417,-120.95056,0526,856,799,-57,1400,544,655,-201
MODESTO CITY CO AIRPORT CA US,22.3,37.62417,-120.95056,0527,858,799,-59,1400,542,655,-203
MODESTO CITY CO AIRPORT CA US,22.3,37.62417,-120.95056,0528,859,799,-60,1400,541,655,-204
MODESTO CITY CO AIRPORT CA US,22.3,37.62417,-120.95056,0529,861,799,-62,1400,539,655,-206
MODESTO CITY CO AIRPORT CA US,22.3,37.62417,-120.95056,0530,862,799,-63,1400,538,655,-207
MODESTO CITY CO AIRPORT CA US,22.3,37.62417,-120.95056,0531,863,799,-64,1400,537,655,-208
MODESTO CITY CO AIRPORT CA US,22.3,37.62417,-120.95056,0601,864,799,-65,1400,536,655,-209
MODESTO CITY CO AIRPORT CA US,22.3,37.62417,-120.95056,0602,865,799,-66,1400,535,655,-210
MODESTO CITY CO AIRPORT CA US,22.3,37.62417,-120.95056,0603,865,799,-66,1400,535,655,-210
MODESTO CITY CO AIRPORT CA US,22.3,37.62417,-120.95056,0604,866,799,-67,1400,534,655,-211
MODESTO CITY CO AIRPORT CA US,22.3,37.62417,-120.95056,0605,867,799,-68,1400,533,655,-212
MODESTO CITY CO AIRPORT CA US,22.3,37.62417,-120.95056,0606,868,799,-69,1400,532,655,-213
MODESTO CITY CO AIRPORT CA US,22.3,37.62417,-120.95056,0607,868,799,-69,1400,532,655,-213
MODESTO CITY CO AIRPORT CA US,22.3,37.62417,-120.95056,0608,869,799,-70,1400,531,655,-214
MODESTO CITY CO AIRPORT CA US,22.3,37.62417,-120.95056,0609,869,799,-70,1400,531,655,-214
MODESTO CITY CO AIRPORT CA US,22.3,37.62417,-120.95056,0610,870,799,-71,1400,530,655,-215
MODESTO CITY CO AIRPORT CA US,22.3,37.62417,-120.95056,0611,870,799,-71,1400,530,655,-215
MODESTO CITY CO AIRPORT CA US,22.3,37.62417,-120.95056,0612,871,799,-72,1400,529,655,-216
MODESTO CITY CO AIRPORT CA US,22.3,37.62417,-120.95056,0613,871,799,-72,1400,529,655,-216
MODESTO CITY CO AIRPORT CA US,22.3,37.62417,-120.95056,0614,871,799,-72,1400,529,655,-216
MODESTO CITY CO AIRPORT CA US,22.3,37.62417,-120.95056,0615,872,799,-73,1400,528,655,-217
MODESTO CITY CO AIRPORT CA US,22.3,37.62417,-120.95056,0616,872,799,-73,1400,528,655,-217
MODESTO CITY CO AIRPORT CA US,22.3,37.62417,-120.95056,0617,872,799,-73,1400,528,655,-217
MODESTO CITY CO AIRPORT CA US,22.3,37.62417,-120.95056,0618,873,799,-74,1400,527,655,-218
MODESTO CITY CO AIRPORT CA US,22.3,37.62417,-120.95056,0619,873,799,-74,1400,527,655,-218
MODESTO CITY CO AIRPORT CA US,22.3,37.62417,-120.95056,0620,873,799,-74,1400,527,655,-218
MODESTO CITY CO AIRPORT CA US,22.3,37.62417,-120.95056,0621,874,799,-75,1400,526,655,-219
MODESTO CITY CO AIRPORT CA US,22.3,37.62417,-120.95056,0622,874,799,-75,1400,526,655,-219
MODESTO CITY CO AIRPORT CA US,22.3,37.62417,-120.95056,0623,874,799,-75,1400,526,655,-219
MODESTO CITY CO AIRPORT CA US,22.3,37.62417,-120.95056,0624,874,817,-57,1400,526,655,-219
MODESTO CITY CO AIRPORT CA US,22.3,37.62417,-120.95056,0625,874,817,-57,1400,526,655,-219
MODESTO CITY CO AIRPORT CA US,22.3,37.62417,-120.95056,0626,874,817,-57,1400,526,655,-219
MODESTO CITY CO AIRPORT CA US,22.3,37.62417,-120.95056,0627,875,817,-58,1400,525,655,-220
MODESTO CITY CO AIRPORT CA US,22.3,37.62417,-120.95056,0628,875,817,-58,1400,525,655,-220
MODESTO CITY CO AIRPORT CA US,22.3,37.62417,-120.95056,0629,875,817,-58,1400,525,655,-220
MODESTO CITY CO AIRPORT CA US,22.3,37.62417,-120.95056,0630,875,817,-58,1400,525,655,-220
MODESTO CITY CO AIRPORT CA US,22.3,37.62417,-120.95056,0701,875,817,-58,1400,525,655,-220
MODESTO CITY CO AIRPORT CA US,22.3,37.62417,-120.95056,0702,875,817,-58,1400,525,655,-220
MODESTO CITY CO AIRPORT CA US,22.3,37.62417,-120.95056,0703,875,817,-58,1400,525,655,-220
MODESTO CITY CO AIRPORT CA US,22.3,37.62417,-120.95056,0704,875,817,-58,1400,525,655,-220
MODESTO CITY CO AIRPORT CA US,22.3,37.62417,-120.95056,0705,875,817,-58,1400,525,655,-220
MODESTO CITY CO AIRPORT CA US,22.3,37.62417,-120.95056,0706,875,817,-58,1400,525,655,-220
MODESTO CITY CO AIRPORT CA US,22.3,37.62417,-120.95056,0707,875,817,-58,1400,525,655,-220
MODESTO CITY CO AIRPORT CA US,22.3,37.62417,-120.95056,0708,875,817,-58,1400,525,655,-220
MODESTO CITY CO AIRPORT CA US,22.3,37.62417,-120.95056,0709,875,817,-58,1400,525,655,-220
MODESTO CITY CO AIRPORT CA US,22.3,37.62417,-120.95056,0710,875,817,-58,1400,525,655,-220
MODESTO CITY CO AIRPORT CA US,22.3,37.62417,-120.95056,0711,875,817,-58,1400,525,655,-220
MODESTO CITY CO AIRPORT CA US,22.3,37.62417,-120.95056,0712,875,817,-58,1400,525,655,-220
MODESTO CITY CO AIRPORT CA US,22.3,37.62417,-120.95056,0713,875,817,-58,1400,525,655,-220
MODESTO CITY CO AIRPORT CA US,22.3,37.62417,-120.95056,0714,875,817,-58,1400,525,655,-220
MODESTO CITY CO AIRPORT CA US,22.3,37.62417,-120.95056,0715,875,817,-58,1400,525,655,-220
MODESTO CITY CO AIRPORT CA US,22.3,37.62417,-120.95056,0716,875,817,-58,1400,525,655,-220
MODESTO CITY CO AIRPORT CA US,22.3,37.62417,-120.95056,0717,875,817,-58,1400,525,655,-220
MODESTO CITY CO AIRPORT CA US,22.3,37.62417,-120.95056,0718,875,817,-58,1400,525,655,-220
MODESTO CITY CO AIRPORT CA US,22.3,37.62417,-120.95056,0719,875,817,-58,1400,525,655,-220
MODESTO CITY CO AIRPORT CA US,22.3,37.62417,-120.95056,0720,875,817,-58,1400,525,655,-220
MODESTO CITY CO AIRPORT CA US,22.3,37.62417,-120.95056,0721,875,817,-58,1400,525,655,-220
MODESTO CITY CO AIRPORT CA US,22.3,37.62417,-120.95056,0722,875,817,-58,1400,525,655,-220
MODESTO CITY CO AIRPORT CA US,22.3,37.62417,-120.95056,0723,875,817,-58,1400,525,655,-220
MODESTO CITY CO AIRPORT CA US,22.3,37.62417,-120.95056,0724,875,817,-58,1400,525,655,-220
MODESTO CITY CO AIRPORT CA US,22.3,37.62417,-120.95056,0725,875,817,-58,1400,525,655,-220
MODESTO CITY CO AIRPORT CA US,22.3,37.62417,-120.95056,0726,875,817,-58,1400,525,655,-220
MODESTO CITY CO AIRPORT CA US,22.3,37.62417,-120.95056,0727,875,817,-58,1400,525,655,-220
MODESTO CITY CO AIRPORT CA US,22.3,37.62417,-120.95056,0728,875,817,-58,1400,525,655,-220
MODESTO CITY CO AIRPORT CA US,22.3,37.62417,-120.95056,0729,875,817,-58,1400,525,655,-220
MODESTO CITY CO AIRPORT CA US,22.3,37.62417,-120.95056,0730,875,817,-58,1400,525,655,-220
MODESTO CITY CO AIRPORT CA US,22.3,37.62417,-120.95056,0731,875,817,-58,1400,525,655,-220
MODESTO CITY CO AIRPORT CA US,22.3,37.62417,-120.95056,0801,875,817,-58,1400,525,655,-220
MODESTO CITY CO AIRPORT CA US,22.3,37.62417,-120.95056,0802,875,817,-58,1400,525,655,-220
MODESTO CITY CO AIRPORT CA US,22.3,37.62417,-120.95056,0803,875,817,-58,1400,525,655,-220
MODESTO CITY CO AIRPORT CA US,22.3,37.62417,-120.95056,0804,875,817,-58,1400,525,655,-220
MODESTO CITY CO AIRPORT CA US,22.3,37.62417,-120.95056,0805,875,817,-58,1400,525,655,-220
MODESTO CITY CO AIRPORT CA US,22.3,37.62417,-120.95056,0806,875,817,-58,1400,525,655,-220
MODESTO CITY CO AIRPORT CA US,22.3,37.62417,-120.95056,0807,875,817,-58,1400,525,655,-220
MODESTO CITY CO AIRPORT CA US,22.3,37.62417,-120.95056,0808,875,817,-58,1400,525,655,-220
MODESTO CITY CO AIRPORT CA US,22.3,37.62417,-120.95056,0809,875,817,-58,1400,525,655,-220
MODESTO CITY CO AIRPORT CA US,22.3,37.62417,-120.95056,0810,876,817,-59,1400,524,655,-221
MODESTO CITY CO AIRPORT CA US,22.3,37.62417,-120.95056,0811,876,817,-59,1400,524,655,-221
MODESTO CITY CO AIRPORT CA US,22.3,37.62417,-120.95056,0812,876,817,-59,1400,524,655,-221
MODESTO CITY CO AIRPORT CA US,22.3,37.62417,-120.95056,0813,876,817,-59,1400,524,655,-221
MODESTO CITY CO AIRPORT CA US,22.3,37.62417,-120.95056,0814,876,817,-59,1400,524,655,-221
MODESTO CITY CO AIRPORT CA US,22.3,37.62417,-120.95056,0815,876,817,-59,1400,524,655,-221
MODESTO CITY CO AIRPORT CA US,22.3,37.62417,-120.95056,0816,876,817,-59,1400,524,655,-221
MODESTO CITY CO AIRPORT CA US,22.3,37.62417,-120.95056,0817,876,817,-59,1400,524,655,-221
MODESTO CITY CO AIRPORT CA US,22.3,37.62417,-120.95056,0818,876,817,-59,1400,524,655,-221
MODESTO CITY CO AIRPORT CA US,22.3,37.62417,-120.95056,0819,876,817,-59,1400,524,655,-221
MODESTO CITY CO AIRPORT CA US,22.3,37.62417,-120.95056,0820,876,817,-59,1400,524,655,-221
MODESTO CITY CO AIRPORT CA US,22.3,37.62417,-120.95056,0821,876,817,-59,1400,524,655,-221
MODESTO CITY CO AIRPORT CA US,22.3,37.62417,-120.95056,0822,876,817,-59,1400,524,655,-221
MODESTO CITY CO AIRPORT CA US,22.3,37.62417,-120.95056,0823,876,817,-59,1400,524,655,-221
MODESTO CITY CO AIRPORT CA US,22.3,37.62417,-120.95056,0824,877,817,-60,1400,523,655,-222
MODESTO CITY CO AIRPORT CA US,22.3,37.62417,-120.95056,0825,877,817,-60,1400,523,655,-222
MODESTO CITY CO AIRPORT CA US,22.3,37.62417,-120.95056,0826,877,817,-60,1400,523,655,-222
MODESTO CITY CO AIRPORT CA US,22.3,37.62417,-120.95056,0827,877,817,-60,1400,523,655,-222
MODESTO CITY CO AIRPORT CA US,22.3,37.62417,-120.95056,0828,877,817,-60,1400,523,655,-222
MODESTO CITY CO AIRPORT CA US,22.3,37.62417,-120.95056,0829,877,817,-60,1400,523,655,-222
MODESTO CITY CO AIRPORT CA US,22.3,37.62417,-120.95056,0830,877,817,-60,1400,523,655,-222
MODESTO CITY CO AIRPORT CA US,22.3,37.62417,-120.95056,0831,877,817,-60,1400,523,655,-222
MODESTO CITY CO AIRPORT CA US,22.3,37.62417,-120.95056,0901,877,817,-60,1400,523,655,-222
MODESTO CITY CO AIRPORT CA US,22.3,37.62417,-120.95056,0902,877,817,-60,1400,523,655,-222
MODESTO CITY CO AIRPORT CA US,22.3,37.62417,-120.95056,0903,878,817,-61,1400,522,655,-223
MODESTO CITY CO AIRPORT CA US,22.3,37.62417,-120.95056,0904,878,817,-61,1400,522,655,-223
MODESTO CITY CO AIRPORT CA US,22.3,37.62417,-120.95056,0905,878,817,-61,1400,522,655,-223
MODESTO CITY CO AIRPORT CA US,22.3,37.62417,-120.95056,0906,878,817,-61,1400,522,655,-223
MODESTO CITY CO AIRPORT CA US,22.3,37.62417,-120.95056,0907,879,817,-62,1400,521,655,-224
MODESTO CITY CO AIRPORT CA US,22.3,37.62417,-120.95056,0908,879,817,-62,1400,521,655,-224
MODESTO CITY CO AIRPORT CA US,22.3,37.62417,-120.95056,0909,880,817,-63,1400,520,655,-225
MODESTO CITY CO AIRPORT CA US,22.3,37.62417,-120.95056,0910,880,817,-63,1400,520,655,-225
MODESTO CITY CO AIRPORT CA US,22.3,37.62417,-120.95056,0911,881,817,-64,1400,519,655,-226
MODESTO CITY CO AIRPORT CA US,22.3,37.62417,-120.95056,0912,882,817,-65,1400,518,655,-227
MODESTO CITY CO AIRPORT CA US,22.3,37.62417,-120.95056,0913,882,817,-65,1400,518,655,-227
MODESTO CITY CO AIRPORT CA US,22.3,37.62417,-120.95056,0914,883,817,-66,1400,517,655,-228
MODESTO CITY CO AIRPORT CA US,22.3,37.62417,-120.95056,0915,884,817,-67,1400,516,655,-229
MODESTO CITY CO AIRPORT CA US,22.3,37.62417,-120.95056,0916,885,817,-68,1400,515,655,-230
MODESTO CITY CO AIRPORT CA US,22.3,37.62417,-120.95056,0917,886,817,-69,1400,514,655,-231
MODESTO CITY CO AIRPORT CA US,22.3,37.62417,-120.95056,0918,887,817,-70,1400,513,655,-232
MODESTO CITY CO AIRPORT CA US,22.3,37.62417,-120.95056,0919,888,817,-71,1400,512,655,-233
MODESTO CITY CO AIRPORT CA US,22.3,37.62417,-120.95056,0920,889,817,-72,1400,511,655,-234
MODESTO CITY CO AIRPORT CA US,22.3,37.62417,-120.95056,0921,891,850,-41,1400,509,655,-236
MODESTO CITY CO AIRPORT CA US,22.3,37.62417,-120.95056,0922,892,850,-42,1400,508,655,-237
MODESTO CITY CO AIRPORT CA US,22.3,37.62417,-120.95056,0923,893,850,-43,1400,507,655,-238
MODESTO CITY CO AIRPORT CA US,22.3,37.62417,-120.95056,0924,894,850,-44,1400,506,655,-239
MODESTO CITY CO AIRPORT CA US,22.3,37.62417,-120.95056,0925,895,850,-45,1476,581,655,-240
MODESTO CITY CO AIRPORT CA US,22.3,37.62417,-120.95056,0926,897,850,-47,1476,579,655,-242
MODESTO CITY CO AIRPORT CA US,22.3,37.62417,-120.95056,0927,898,850,-48,1476,578,655,-243
MODESTO CITY CO AIRPORT CA US,22.3,37.62417,-120.95056,0928,900,850,-50,1476,576,655,-245
MODESTO CITY CO AIRPORT CA US,22.3,37.62417,-120.95056,0929,901,850,-51,1476,575,655,-246
MODESTO CITY CO AIRPORT CA US,22.3,37.62417,-120.95056,0930,903,850,-53,1476,573,655,-248
MODESTO CITY CO AIRPORT CA US,22.3,37.62417,-120.95056,1001,904,850,-54,1476,572,655,-249
MODESTO CITY CO AIRPORT CA US,22.3,37.62417,-120.95056,1002,906,850,-56,1476,570,655,-251
MODESTO CITY CO AIRPORT CA US,22.3,37.62417,-120.95056,1003,907,850,-57,1476,569,655,-252
MODESTO CITY CO AIRPORT CA US,22.3,37.62417,-120.95056,1004,908,850,-58,1476,568,655,-253
MODESTO CITY CO AIRPORT CA US,22.3,37.62417,-120.95056,1005,910,850,-60,1476,566,655,-255
MODESTO CITY CO AIRPORT CA US,22.3,37.62417,-120.95056,1006,911,850,-61,1476,565,655,-256
MODESTO CITY CO AIRPORT CA US,22.3,37.62417,-120.95056,1007,913,850,-63,1476,563,655,-258
MODESTO CITY CO AIRPORT CA US,22.3,37.62417,-120.95056,1008,914,850,-64,1476,562,655,-259
MODESTO CITY CO AIRPORT CA US,22.3,37.62417,-120.95056,1009,916,850,-66,1476,560,655,-261
MODESTO CITY CO AIRPORT CA US,22.3,37.62417,-120.95056,1010,917,850,-67,1476,559,655,-262
MODESTO CITY CO AIRPORT CA US,22.3,37.62417,-120.95056,1011,919,850,-69,1476,557,655,-264
MODESTO CITY CO AIRPORT CA US,22.3,37.62417,-120.95056,1012,921,850,-71,1476,555,655,-266
MODESTO CITY CO AIRPORT CA US,22.3,37.62417,-120.95056,1013,923,850,-73,1476,553,655,-268
MODESTO CITY CO AIRPORT CA US,22.3,37.62417,-120.95056,1014,925,850,-75,1476,551,655,-270
MODESTO CITY CO AIRPORT CA US,22.3,37.62417,-120.95056,1015,927,850,-77,1476,549,655,-272
MODESTO CITY CO AIRPORT CA US,22.3,37.62417,-120.95056,1016,929,850,-79,1476,547,655,-274
MODESTO CITY CO AIRPORT CA US,22.3,37.62417,-120.95056,1017,932,850,-82,1476,544,655,-277
MODESTO CITY CO AIRPORT CA US,22.3,37.62417,-120.95056,1018,934,850,-84,1476,542,655,-279
MODESTO CITY CO AIRPORT CA US,22.3,37.62417,-120.95056,1019,936,850,-86,1476,540,655,-281
MODESTO CITY CO AIRPORT CA US,22.3,37.62417,-120.95056,1020,939,850,-89,1476,537,655,-284
MODESTO CITY CO AIRPORT CA US,22.3,37.62417,-120.95056,1021,941,850,-91,1476,535,655,-286
MODESTO CITY CO AIRPORT CA US,22.3,37.62417,-120.95056,1022,943,850,-93,1476,533,655,-288
MODESTO CITY CO AIRPORT CA US,22.3,37.62417,-120.95056,1023,946,850,-96,1476,530,655,-291
MODESTO CITY CO AIRPORT CA US,22.3,37.62417,-120.95056,1024,948,850,-98,1476,528,655,-293
MODESTO CITY CO AIRPORT CA US,22.3,37.62417,-120.95056,1025,951,850,-101,1484,533,655,-296
MODESTO CITY CO AIRPORT CA US,22.3,37.62417,-120.95056,1026,954,850,-104,1484,530,655,-299
MODESTO CITY CO AIRPORT CA US,22.3,37.62417,-120.95056,1027,957,850,-107,1484,527,655,-302
MODESTO CITY CO AIRPORT CA US,22.3,37.62417,-120.95056,1028,960,850,-110,1484,524,655,-305
MODESTO CITY CO AIRPORT CA US,22.3,37.62417,-120.95056,1029,964,850,-114,1484,520,655,-309
MODESTO CITY CO AIRPORT CA US,22.3,37.62417,-120.95056,1030,967,850,-117,1484,517,655,-312
MODESTO CITY CO AIRPORT CA US,22.3,37.62417,-120.95056,1031,971,850,-121,1649,678,655,-316
MODESTO CITY CO AIRPORT CA US,22.3,37.62417,-120.95056,1101,975,850,-125,1659,684,655,-320
MODESTO CITY CO AIRPORT CA US,22.3,37.62417,-120.95056,1102,978,850,-128,1659,681,655,-323
MODESTO CITY CO AIRPORT CA US,22.3,37.62417,-120.95056,1103,982,850,-132,1659,677,655,-327
MODESTO CITY CO AIRPORT CA US,22.3,37.62417,-120.95056,1104,986,850,-136,1659,673,655,-331
MODESTO CITY CO AIRPORT CA US,22.3,37.62417,-120.95056,1105,991,850,-141,1659,668,655,-336
MODESTO CITY CO AIRPORT CA US,22.3,37.62417,-120.95056,1106,995,850,-145,1659,664,655,-340
MODESTO CITY CO AIRPORT CA US,22.3,37.62417,-120.95056,1107,999,850,-149,1659,660,655,-344
MODESTO CITY CO AIRPORT CA US,22.3,37.62417,-120.95056,1108,1003,850,-153,1659,656,655,-348
MODESTO CITY CO AIRPORT CA US,22.3,37.62417,-120.95056,1109,1007,850,-157,1659,652,655,-352
MODESTO CITY CO AIRPORT CA US,22.3,37.62417,-120.95056,1110,1011,850,-161,1659,648,655,-356
MODESTO CITY CO AIRPORT CA US,22.3,37.62417,-120.95056,1111,1015,850,-165,1659,644,655,-360
MODESTO CITY CO AIRPORT CA US,22.3,37.62417,-120.95056,1112,1019,850,-169,1659,640,655,-364
MODESTO CITY CO AIRPORT CA US,22.3,37.62417,-120.95056,1113,1023,850,-173,1728,705,655,-368
MODESTO CITY CO AIRPORT CA US,22.3,37.62417,-120.95056,1114,1028,850,-178,1728,700,655,-373
MODESTO CITY CO AIRPORT CA US,22.3,37.62417,-120.95056,1115,1032,850,-182,1728,696,655,-377
MODESTO CITY CO AIRPORT CA US,22.3,37.62417,-120.95056,1116,1036,850,-186,1728,692,655,-381
MODESTO CITY CO AIRPORT CA US,22.3,37.62417,-120.95056,1117,1041,850,-191,1728,687,655,-386
MODESTO CITY CO AIRPORT CA US,22.3,37.62417,-120.95056,1118,1046,850,-196,1728,682,655,-391
MODESTO CITY CO AIRPORT CA US,22.3,37.62417,-120.95056,1119,1051,903,-148,1733,682,655,-396
MODESTO CITY CO AIRPORT CA US,22.3,37.62417,-120.95056,1120,1056,1129,73,1743,687,655,-401
MODESTO CITY CO AIRPORT CA US,22.3,37.62417,-120.95056,1121,1061,1129,68,1743,682,655,-406
MODESTO CITY CO AIRPORT CA US,22.3,37.62417,-120.95056,1122,1066,1129,63,1758,692,655,-411
MODESTO CITY CO AIRPORT CA US,22.3,37.62417,-120.95056,1123,1071,1129,58,1758,687,655,-416
MODESTO CITY CO AIRPORT CA US,22.3,37.62417,-120.95056,1124,1076,1129,53,1758,682,655,-421
MODESTO CITY CO AIRPORT CA US,22.3,37.62417,-120.95056,1125,1081,1129,48,1758,677,655,-426
MODESTO CITY CO AIRPORT CA US,22.3,37.62417,-120.95056,1126,1086,1129,43,1758,672,655,-431
MODESTO CITY CO AIRPORT CA US,22.3,37.62417,-120.95056,1127,1091,1129,38,1758,667,655,-436
MODESTO CITY CO AIRPORT CA US,22.3,37.62417,-120.95056,1128,1096,1129,33,1758,662,655,-441
MODESTO CITY CO AIRPORT CA US,22.3,37.62417,-120.95056,1129,1102,1129,27,1852,750,655,-447
MODESTO CITY CO AIRPORT CA US,22.3,37.62417,-120.95056,1130,1107,1129,22,1916,809,655,-452
MODESTO CITY CO AIRPORT CA US,22.3,37.62417,-120.95056,1201,1112,1129,17,1916,804,655,-457
MODESTO CITY CO AIRPORT CA US,22.3,37.62417,-120.95056,1202,1118,1129,11,2137,1019,655,-463
MODESTO CITY CO AIRPORT CA US,22.3,37.62417,-120.95056,1203,1123,1129,6,2167,1044,655,-468
MODESTO CITY CO AIRPORT CA US,22.3,37.62417,-120.95056,1204,1128,1129,1,2180,1052,655,-473
MODESTO CITY CO AIRPORT CA US,22.3,37.62417,-120.95056,1205,1134,1129,-5,2195,1061,655,-479
MODESTO CITY CO AIRPORT CA US,22.3,37.62417,-120.95056,1206,1139,1134,-5,2195,1056,655,-484
MODESTO CITY CO AIRPORT CA US,22.3,37.62417,-120.95056,1207,1145,1192,47,2195,1050,655,-490
MODESTO CITY CO AIRPORT CA US,22.3,37.62417,-120.95056,1208,1151,1192,41,2195,1044,655,-496
MODESTO CITY CO AIRPORT CA US,22.3,37.62417,-120.95056,1209,1157,1192,35,2195,1038,655,-502
MODESTO CITY CO AIRPORT CA US,22.3,37.62417,-120.95056,1210,1163,1192,29,2195,1032,655,-508
MODESTO CITY CO AIRPORT CA US,22.3,37.62417,-120.95056,1211,1169,1192,23,2749,1580,655,-514
MODESTO CITY CO AIRPORT CA US,22.3,37.62417,-120.95056,1212,1175,1192,17,2942,1767,655,-520
MODESTO CITY CO AIRPORT CA US,22.3,37.62417,-120.95056,1213,1181,1192,11,2942,1761,655,-526
MODESTO CITY CO AIRPORT CA US,22.3,37.62417,-120.95056,1214,1187,1192,5,2942,1755,655,-532
MODESTO CITY CO AIRPORT CA US,22.3,37.62417,-120.95056,1215,1194,1192,-2,3122,1928,655,-539
MODESTO CITY CO AIRPORT CA US,22.3,37.62417,-120.95056,1216,1200,1192,-8,3236,2036,655,-545
MODESTO CITY CO AIRPORT CA US,22.3,37.62417,-120.95056,1217,1207,1192,-15,3244,2037,655,-552
MODESTO CITY CO AIRPORT CA US,22.3,37.62417,-120.95056,1218,1214,1192,-22,3257,2043,655,-559
MODESTO CITY CO AIRPORT CA US,22.3,37.62417,-120.95056,1219,1221,1192,-29,3305,2084,655,-566
MODESTO CITY CO AIRPORT CA US,22.3,37.62417,-120.95056,1220,1228,1192,-36,3351,2123,655,-573
MODESTO CITY CO AIRPORT CA US,22.3,37.62417,-120.95056,1221,1236,1192,-44,3351,2115,655,-581
MODESTO CITY CO AIRPORT CA US,22.3,37.62417,-120.95056,1222,1243,1192,-51,3351,2108,655,-588
MODESTO CITY CO AIRPORT CA US,22.3,37.62417,-120.95056,1223,1251,1192,-59,3351,2100,655,-596
MODESTO CITY CO AIRPORT CA US,22.3,37.62417,-120.95056,1224,1259,1192,-67,3356,2097,655,-604
MODESTO CITY CO AIRPORT CA US,22.3,37.62417,-120.95056,1225,1266,1192,-74,3356,2090,655,-611
MODESTO CITY CO AIRPORT CA US,22.3,37.62417,-120.95056,1226,1274,1192,-82,3356,2082,655,-619
MODESTO CITY CO AIRPORT CA US,22.3,37.62417,-120.95056,1227,1281,1192,-89,3356,2075,655,-626
MODESTO CITY CO AIRPORT CA US,22.3,37.62417,-120.95056,1228,1289,1192,-97,3356,2067,655,-634
MODESTO CITY CO AIRPORT CA US,22.3,37.62417,-120.95056,1229,1296,1192,-104,3356,2060,655,-641
MODESTO CITY CO AIRPORT CA US,22.3,37.62417,-120.95056,1230,1304,1192,-112,3356,2052,655,-649
MODESTO CITY CO AIRPORT CA US,22.3,37.62417,-120.95056,1231,1311,1192,-119,3356,2045,655,-656
KENTFIELD CA US,44.2,37.95694,-122.54389,0101,31,0,-31,0,-31,0,-31
KENTFIELD CA US,44.2,37.95694,-122.54389,0102,61,0,-61,0,-61,0,-61
KENTFIELD CA US,44.2,37.95694,-122.54389,0103,91,0,-91,0,-91,0,-91
KENTFIELD CA US,44.2,37.95694,-122.54389,0104,122,0,-122,0,-122,0,-122
KENTFIELD CA US,44.2,37.95694,-122.54389,0105,152,53,-99,0,-152,0,-152
KENTFIELD CA US,44.2,37.95694,-122.54389,0106,182,155,-27,0,-182,0,-182
KENTFIELD CA US,44.2,37.95694,-122.54389,0107,213,155,-58,0,-213,0,-213
KENTFIELD CA US,44.2,37.95694,-122.54389,0108,245,155,-90,0,-245,0,-245
KENTFIELD CA US,44.2,37.95694,-122.54389,0109,277,155,-122,0,-277,0,-277
KENTFIELD CA US,44.2,37.95694,-122.54389,0110,309,155,-154,0,-309,0,-309
KENTFIELD CA US,44.2,37.95694,-122.54389,0111,340,155,-185,0,-340,0,-340
KENTFIELD CA US,44.2,37.95694,-122.54389,0112,371,155,-216,0,-371,0,-371
KENTFIELD CA US,44.2,37.95694,-122.54389,0113,402,155,-247,0,-402,0,-402
KENTFIELD CA US,44.2,37.95694,-122.54389,0114,432,155,-277,0,-432,0,-432
KENTFIELD CA US,44.2,37.95694,-122.54389,0115,462,155,-307,0,-462,0,-462
KENTFIELD CA US,44.2,37.95694,-122.54389,0116,491,155,-336,0,-491,0,-491
KENTFIELD CA US,44.2,37.95694,-122.54389,0117,519,155,-364,0,-519,0,-519
KENTFIELD CA US,44.2,37.95694,-122.54389,0118,548,155,-393,0,-548,0,-548
KENTFIELD CA US,44.2,37.95694,-122.54389,0119,574,155,-419,0,-574,0,-574
KENTFIELD CA US,44.2,37.95694,-122.54389,0120,600,155,-445,0,-600,0,-600
KENTFIELD CA US,44.2,37.95694,-122.54389,0121,627,155,-472,0,-627,0,-627
KENTFIELD CA US,44.2,37.95694,-122.54389,0122,653,155,-498,0,-653,0,-653
KENTFIELD CA US,44.2,37.95694,-122.54389,0123,680,239,-441,0,-680,0,-680
KENTFIELD CA US,44.2,37.95694,-122.54389,0124,708,252,-456,0,-708,0,-708
KENTFIELD CA US,44.2,37.95694,-122.54389,0125,737,252,-485,0,-737,0,-737
KENTFIELD CA US,44.2,37.95694,-122.54389,0126,766,252,-514,0,-766,0,-766
KENTFIELD CA US,44.2,37.95694,-122.54389,0127,795,252,-543,0,-795,0,-795
KENTFIELD CA US,44.2,37.95694,-122.54389,0128,823,252,-571,0,-823,0,-823
KENTFIELD CA US,44.2,37.95694,-122.54389,0129,852,252,-600,0,-852,0,-852
KENTFIELD CA US,44.2,37.95694,-122.54389,0130,883,252,-631,5,-878,0,-883
KENTFIELD CA US,44.2,37.95694,-122.54389,0131,913,252,-661,5,-908,0,-913
KENTFIELD CA US,44.2,37.95694,-122.54389,0201,946,252,-694,5,-941,0,-946
KENTFIELD CA US,44.2,37.95694,-122.54389,0202,980,252,-728,203,-777,0,-980
KENTFIELD CA US,44.2,37.95694,-122.54389,0203,1015,252,-763,206,-809,0,-1015
KENTFIELD CA US,44.2,37.95694,-122.54389,0204,1050,252,-798,206,-844,0,-1050
KENTFIELD CA US,44.2,37.95694,-122.54389,0205,1085,252,-833,206,-879,0,-1085
KENTFIELD CA US,44.2,37.95694,-122.54389,0206,1119,252,-867,488,-631,168,-951
KENTFIELD CA US,44.2,37.95694,-122.54389,0207,1153,285,-868,714,-439,359,-794
KENTFIELD CA US,44.2,37.95694,-122.54389,0208,1187,295,-892,2525,1338,783,-404
KENTFIELD CA US,44.2,37.95694,-122.54389,0209,1220,295,-925,3180,1960,874,-346
KENTFIELD CA US,44.2,37.95694,-122.54389,0210,1253,295,-958,3282,2029,874,-379
KENTFIELD CA US,44.2,37.95694,-122.54389,0211,1285,295,-990,3282,1997,874,-411
KENTFIELD CA US,44.2,37.95694,-122.54389,0212,1317,295,-1022,3282,1965,874,-443
KENTFIELD CA US,44.2,37.95694,-122.54389,0213,1349,295,-1054,3282,1933,874,-475
KENTFIELD CA US,44.2,37.95694,-122.54389,0214,1381,295,-1086,3285,1904,874,-507
KENTFIELD CA US,44.2,37.95694,-122.54389,0215,1413,295,-1118,3285,1872,874,-539
KENTFIELD CA US,44.2,37.95694,-122.54389,0216,1447,295,-1152,3338,1891,874,-573
KENTFIELD CA US,44.2,37.95694,-122.54389,0217,1480,295,-1185,3338,1858,874,-606
KENTFIELD CA US,44.2,37.95694,-122.54389,0218,1513,295,-1218,3338,1825,874,-639
KENTFIELD CA US,44.2,37.95694,-122.54389,0219,1546,359,-1187,3338,1792,874,-672
KENTFIELD CA US,44.2,37.95694,-122.54389,0220,1579,359,-1220,3338,1759,874,-705
KENTFIELD CA US,44.2,37.95694,-122.54389,0221,1611,359,-1252,3338,1727,874,-737
KENTFIELD CA US,44.2,37.95694,-122.54389,0222,1642,359,-1283,3338,1696,874,-768
KENTFIELD CA US,44.2,37.95694,-122.54389,0223,1672,359,-1313,3338,1666,874,-798
KENTFIELD CA US,44.2,37.95694,-122.54389,0224,1703,359,-1344,3338,1635,874,-829
KENTFIELD CA US,44.2,37.95694,-122.54389,0225,1734,359,-1375,3338,1604,874,-860
KENTFIELD CA US,44.2,37.95694,-122.54389,0226,1765,359,-1406,3600,1835,874,-891
KENTFIELD CA US,44.2,37.95694,-122.54389,0227,1796,359,-1437,3844,2048,874,-922
KENTFIELD CA US,44.2,37.95694,-122.54389,0228,1825,359,-1466,4174,2349,874,-951
KENTFIELD CA US,44.2,37.95694,-122.54389,0301,1854,359,-1495,4204,2350,874,-980
KENTFIELD CA US,44.2,37.95694,-122.54389,0302,1883,359,-1524,4242,2359,874,-1009
KENTFIELD CA US,44.2,37.95694,-122.54389,0303,1910,359,-1551,4242,2332,874,-1036
KENTFIELD CA US,44.2,37.95694,-122.54389,0304,1936,359,-1577,4399,2463,874,-1062
KENTFIELD CA US,44.2,37.95694,-122.54389,0305,1961,359,-1602,4399,2438,874,-1087
KENTFIELD CA US,44.2,37.95694,-122.54389,0306,1985,478,-1507,4513,2528,874,-1111
KENTFIELD CA US,44.2,37.95694,-122.54389,0307,2009,478,-1531,4513,2504,874,-1135
KENTFIELD CA US,44.2,37.95694,-122.54389,0308,2033,481,-1552,4513,2480,874,-1159
KENTFIELD CA US,44.2,37.95694,-122.54389,0309,2057,481,-1576,4513,2456,874,-1183
KENTFIELD CA US,44.2,37.95694,-122.54389,0310,2081,481,-1600,4516,2435,874,-1207
KENTFIELD CA US,44.2,37.95694,-122.54389,0311,2106,481,-1625,4516,2410,879,-1227
KENTFIELD CA US,44.2,37.95694,-122.54389,0312,2129,481,-1648,4516,2387,879,-1250
KENTFIELD CA US,44.2,37.95694,-122.54389,0313,2153,481,-1672,4516,2363,879,-1274
KENTFIELD CA US,44.2,37.95694,-122.54389,0314,2177,481,-1696,4516,2339,879,-1298
KENTFIELD CA US,44.2,37.95694,-122.54389,0315,2199,481,-1718,4516,2317,879,-1320
KENTFIELD CA US,44.2,37.95694,-122.54389,0316,2221,481,-1740,4516,2295,879,-1342
KENTFIELD CA US,44.2,37.95694,-122.54389,0317,2242,481,-1761,4516,2274,879,-1363
KENTFIELD CA US,44.2,37.95694,-122.54389,0318,2263,481,-1782,4516,2253,879,-1384
KENTFIELD CA US,44.2,37.95694,-122.54389,0319,2283,481,-1802,4516,2233,879,-1404
KENTFIELD CA US,44.2,37.95694,-122.54389,0320,2302,509,-1793,4516,2214,879,-1423
KENTFIELD CA US,44.2,37.95694,-122.54389,0321,2321,509,-1812,4516,2195,879,-1442
KENTFIELD CA US,44.2,37.95694,-122.54389,0322,2340,509,-1831,4516,2176,894,-1446
KENTFIELD CA US,44.2,37.95694,-122.54389,0323,2358,509,-1849,4516,2158,970,-1388
KENTFIELD CA US,44.2,37.95694,-122.54389,0324,2375,509,-1866,4516,2141,975,-1400
KENTFIELD CA US,44.2,37.95694,-122.54389,0325,2392,509,-1883,4541,2149,975,-1417
KENTFIELD CA US,44.2,37.95694,-122.54389,0326,2408,509,-1899,4620,2212,975,-1433
KENTFIELD CA US,44.2,37.95694,-122.54389,0327,2423,509,-1914,4699,2276,975,-1448
KENTFIELD CA US,44.2,37.95694,-122.54389,0328,2438,509,-1929,4735,2297,975,-1463
KENTFIELD CA US,44.2,37.95694,-122.54389,0329,2453,509,-1944,5131,2678,975,-1478
KENTFIELD CA US,44.2,37.95694,-122.54389,0330,2467,509,-1958,5134,2667,975,-1492
KENTFIELD CA US,44.2,37.95694,-122.54389,0331,2481,573,-1908,5314,2833,975,-1506
KENTFIELD CA US,44.2,37.95694,-122.54389,0401,2493,631,-1862,5400,2907,975,-1518
KENTFIELD CA US,44.2,37.95694,-122.54389,0402,2504,631,-1873,5514,3010,975,-1529
KENTFIELD CA US,44.2,37.95694,-122.54389,0403,2516,631,-1885,5514,2998,975,-1541
KENTFIELD CA US,44.2,37.95694,-122.54389,0404,2527,877,-1650,5608,3081,975,-1552
KENTFIELD CA US,44.2,37.95694,-122.54389,0405,2538,892,-1646,5608,3070,975,-1563
KENTFIELD CA US,44.2,37.95694,-122.54389,0406,2549,892,-1657,5608,3059,975,-1574
KENTFIELD CA US,44.2,37.95694,-122.54389,0407,2559,892,-1667,5608,3049,975,-1584
KENTFIELD CA US,44.2,37.95694,-122.54389,0408,2569,902,-1667,5608,3039,975,-1594
KENTFIELD CA US,44.2,37.95694,-122.54389,0409,2578,902,-1676,5608,3030,975,-1603
KENTFIELD CA US,44.2,37.95694,-122.54389,0410,2587,902,-1685,5608,3021,975,-1612
KENTFIELD CA US,44.2,37.95694,-122.54389,0411,2595,902,-1693,5608,3013,975,-1620
KENTFIELD CA US,44.2,37.95694,-122.54389,0412,2603,902,-1701,5608,3005,975,-1628
KENTFIELD CA US,44.2,37.95694,-122.54389,0413,2611,902,-1709,5608,2997,975,-1636
KENTFIELD CA US,44.2,37.95694,-122.54389,0414,2620,902,-1718,5608,2988,975,-1645
KENTFIELD CA US,44.2,37.95694,-122.54389,0415,2627,902,-1725,5608,2981,975,-1652
KENTFIELD CA US,44.2,37.95694,-122.54389,0416,2634,902,-1732,5608,2974,975,-1659
KENTFIELD CA US,44.2,37.95694,-122.54389,0417,2642,902,-1740,5608,2966,975,-1667
KENTFIELD CA US,44.2,37.95694,-122.54389,0418,2649,902,-1747,5608,2959,975,-1674
KENTFIELD CA US,44.2,37.95694,-122.54389,0419,2657,902,-1755,5608,2951,975,-1682
KENTFIELD CA US,44.2,37.95694,-122.54389,0420,2664,902,-1762,5608,2944,975,-1689
KENTFIELD CA US,44.2,37.95694,-122.54389,0421,2671,902,-1769,5608,2937,975,-1696
KENTFIELD CA US,44.2,37.95694,-122.54389,0422,2679,902,-1777,5608,2929,975,-1704
KENTFIELD CA US,44.2,37.95694,-122.54389,0423,2686,902,-1784,5608,2922,975,-1711
KENTFIELD CA US,44.2,37.95694,-122.54389,0424,2693,902,-1791,5608,2915,975,-1718
KENTFIELD CA US,44.2,37.95694,-122.54389,0425,2700,902,-1798,5710,3010,975,-1725
KENTFIELD CA US,44.2,37.95694,-122.54389,0426,2707,902,-1805,5710,3003,975,-1732
KENTFIELD CA US,44.2,37.95694,-122.54389,0427,2713,902,-1811,5728,3015,975,-1738
KENTFIELD CA US,44.2,37.95694,-122.54389,0428,2719,902,-1817,5728,3009,975,-1744
KENTFIELD CA US,44.2,37.95694,-122.54389,0429,2724,902,-1822,5728,3004,975,-1749
KENTFIELD CA US,44.2,37.95694,-122.54389,0430,2730,902,-1828,5728,2998,975,-1755
KENTFIELD CA US,44.2,37.95694,-122.54389,0501,2737,902,-1835,5728,2991,975,-1762
KENTFIELD CA US,44.2,37.95694,-122.54389,0502,2743,902,-1841,5728,2985,975,-1768
KENTFIELD CA US,44.2,37.95694,-122.54389,0503,2749,902,-1847,5728,2979,975,-1774
KENTFIELD CA US,44.2,37.95694,-122.54389,0504,2756,902,-1854,5728,2972,975,-1781
KENTFIELD CA US,44.2,37.95694,-122.54389,0505,2762,902,-1860,5728,2966,975,-1787
KENTFIELD CA US,44.2,37.95694,-122.54389,0506,2768,902,-1866,5728,2960,975,-1793
KENTFIELD CA US,44.2,37.95694,-122.54389,0507,2774,902,-1872,5728,2954,975,-1799
KENTFIELD CA US,44.2,37.95694,-122.54389,0508,2779,902,-1877,5728,2949,975,-1804
KENTFIELD CA US,44.2,37.95694,-122.54389,0509,2785,902,-1883,5743,2958,975,-1810
KENTFIELD CA US,44.2,37.95694,-122.54389,0510,2790,902,-1888,5743,2953,975,-1815
KENTFIELD CA US,44.2,37.95694,-122.54389,0511,2796,902,-1894,5743,2947,975,-1821
KENTFIELD CA US,44.2,37.95694,-122.54389,0512,2801,902,-1899,5743,2942,975,-1826
KENTFIELD CA US,44.2,37.95694,-122.54389,0513,2806,902,-1904,5743,2937,975,-1831
KENTFIELD CA US,44.2,37.95694,-122.54389,0514,2812,902,-1910,5743,2931,975,-1837
KENTFIELD CA US,44.2,37.95694,-122.54389,0515,2817,902,-1915,5743,2926,975,-1842
KENTFIELD CA US,44.2,37.95694,-122.54389,0516,2822,902,-1920,5743,2921,975,-1847
KENTFIELD CA US,44.2,37.95694,-122.54389,0517,2827,902,-1925,5743,2916,975,-1852
KENTFIELD CA US,44.2,37.95694,-122.54389,0518,2831,902,-1929,5743,2912,975,-1856
KENTFIELD CA US,44.2,37.95694,-122.54389,0519,2835,902,-1933,5743,2908,975,-1860
KENTFIELD CA US,44.2,37.95694,-122.54389,0520,2839,902,-1937,5743,2904,975,-1864
KENTFIELD CA US,44.2,37.95694,-122.54389,0521,2843,902,-1941,5743,2900,975,-1868
KENTFIELD CA US,44.2,37.95694,-122.54389,0522,2847,902,-1945,5743,2896,975,-1872
KENTFIELD CA US,44.2,37.95694,-122.54389,0523,2851,902,-1949,5743,2892,975,-1876
KENTFIELD CA US,44.2,37.95694,-122.54389,0524,2854,902,-1952,5743,2889,975,-1879
KENTFIELD CA US,44.2,37.95694,-122.54389,0525,2858,902,-1956,5743,2885,975,-1883
KENTFIELD CA US,44.2,37.95694,-122.54389,0526,2861,902,-1959,5743,2882,975,-1886
KENTFIELD CA US,44.2,37.95694,-122.54389,0527,2865,902,-1963,5743,2878,975,-1890
KENTFIELD CA US,44.2,37.95694,-122.54389,0528,2868,915,-1953,5743,2875,975,-1893
KENTFIELD CA US,44.2,37.95694,-122.54389,0529,2872,915,-1957,5743,2871,975,-1897
KENTFIELD CA US,44.2,37.95694,-122.54389,0530,2875,915,-1960,5743,2868,975,-1900
KENTFIELD CA US,44.2,37.95694,-122.54389,0531,2878,915,-1963,5743,2865,975,-1903
KENTFIELD CA US,44.2,37.95694,-122.54389,0601,2880,915,-1965,5743,2863,975,-1905
KENTFIELD CA US,44.2,37.95694,-122.54389,0602,2882,915,-1967,5743,2861,975,-1907
KENTFIELD CA US,44.2,37.95694,-122.54389,0603,2884,915,-1969,5743,2859,975,-1909
KENTFIELD CA US,44.2,37.95694,-122.54389,0604,2885,915,-1970,5743,2858,975,-1910
KENTFIELD CA US,44.2,37.95694,-122.54389,0605,2886,915,-1971,5743,2857,975,-1911
KENTFIELD CA US,44.2,37.95694,-122.54389,0606,2888,915,-1973,5743,2855,975,-1913
KENTFIELD CA US,44.2,37.95694,-122.54389,0607,2889,915,-1974,5743,2854,975,-1914
KENTFIELD CA US,44.2,37.95694,-122.54389,0608,2890,915,-1975,5743,2853,975,-1915
KENTFIELD CA US,44.2,37.95694,-122.54389,0609,2891,915,-1976,5743,2852,975,-1916
KENTFIELD CA US,44.2,37.95694,-122.54389,0610,2892,925,-1967,5743,2851,975,-1917
KENTFIELD CA US,44.2,37.95694,-122.54389,0611,2893,925,-1968,5743,2850,975,-1918
KENTFIELD CA US,44.2,37.95694,-122.54389,0612,2893,925,-1968,5743,2850,975,-1918
KENTFIELD CA US,44.2,37.95694,-122.54389,0613,2894,925,-1969,5743,2849,975,-1919
KENTFIELD CA US,44.2,37.95694,-122.54389,0614,2894,925,-1969,5743,2849,975,-1919
KENTFIELD CA US,44.2,37.95694,-122.54389,0615,2895,925,-1970,5743,2848,975,-1920
KENTFIELD CA US,44.2,37.95694,-122.54389,0616,2896,925,-1971,5743,2847,975,-1921
KENTFIELD CA US,44.2,37.95694,-122.54389,0617,2896,925,-1971,5743,2847,975,-1921
KENTFIELD CA US,44.2,37.95694,-122.54389,0618,2897,925,-1972,5743,2846,975,-1922
KENTFIELD CA US,44.2,37.95694,-122.54389,0619,2898,925,-1973,5743,2845,975,-1923
KENTFIELD CA US,44.2,37.95694,-122.54389,0620,2898,925,-1973,5743,2845,975,-1923
KENTFIELD CA US,44.2,37.95694,-122.54389,0621,2899,925,-1974,5743,2844,975,-1924
KENTFIELD CA US,44.2,37.95694,-122.54389,0622,2899,925,-1974,5743,2844,975,-1924
KENTFIELD CA US,44.2,37.95694,-122.54389,0623,2900,925,-1975,5743,2843,975,-1925
KENTFIELD CA US,44.2,37.95694,-122.54389,0624,2900,943,-1957,5743,2843,975,-1925
KENTFIELD CA US,44.2,37.95694,-122.54389,0625,2901,1294,-1607,5743,2842,975,-1926
KENTFIELD CA US,44.2,37.95694,-122.54389,0626,2901,1294,-1607,5743,2842,975,-1926
KENTFIELD CA US,44.2,37.95694,-122.54389,0627,2902,1294,-1608,5743,2841,975,-1927
KENTFIELD CA US,44.2,37.95694,-122.54389,0628,2902,1294,-1608,5743,2841,975,-1927
KENTFIELD CA US,44.2,37.95694,-122.54389,0629,2903,1294,-1609,5743,2840,975,-1928
KENTFIELD CA US,44.2,37.95694,-122.54389,0630,2903,1294,-1609,5743,2840,975,-1928
KENTFIELD CA US,44.2,37.95694,-122.54389,0701,2903,1294,-1609,5743,2840,975,-1928
KENTFIELD CA US,44.2,37.95694,-122.54389,0702,2903,1294,-1609,5743,2840,975,-1928
KENTFIELD CA US,44.2,37.95694,-122.54389,0703,2903,1294,-1609,5743,2840,975,-1928
KENTFIELD CA US,44.2,37.95694,-122.54389,0704,2903,1294,-1609,5743,2840,975,-1928
KENTFIELD CA US,44.2,37.95694,-122.54389,0705,2903,1294,-1609,5743,2840,975,-1928
KENTFIELD CA US,44.2,37.95694,-122.54389,0706,2903,1294,-1609,5743,2840,975,-1928
KENTFIELD CA US,44.2,37.95694,-122.54389,0707,2903,1294,-1609,5743,2840,975,-1928
KENTFIELD CA US,44.2,37.95694,-122.54389,0708,2903,1294,-1609,5743,2840,975,-1928
KENTFIELD CA US,44.2,37.95694,-122.54389,0709,2903,1294,-1609,5743,2840,975,-1928
KENTFIELD CA US,44.2,37.95694,-122.54389,0710,2903,1294,-1609,5743,2840,975,-1928
KENTFIELD CA US,44.2,37.95694,-122.54389,0711,2903,1294,-1609,5743,2840,975,-1928
KENTFIELD CA US,44.2,37.95694,-122.54389,0712,2903,1294,-1609,5743,2840,975,-1928
KENTFIELD CA US,44.2,37.95694,-122.54389,0713,2903,1294,-1609,5743,2840,975,-1928
KENTFIELD CA US,44.2,37.95694,-122.54389,0714,2903,1294,-1609,5743,2840,975,-1928
KENTFIELD CA US,44.2,37.95694,-122.54389,0715,2903,1294,-1609,5743,2840,975,-1928
KENTFIELD CA US,44.2,37.95694,-122.54389,0716,2903,1294,-1609,5743,2840,975,-1928
KENTFIELD CA US,44.2,37.95694,-122.54389,0717,2903,1294,-1609,5743,2840,975,-1928
KENTFIELD CA US,44.2,37.95694,-122.54389,0718,2903,1294,-1609,5743,2840,975,-1928
KENTFIELD CA US,44.2,37.95694,-122.54389,0719,2903,1294,-1609,5743,2840,975,-1928
KENTFIELD CA US,44.2,37.95694,-122.54389,0720,2903,1294,-1609,5743,2840,975,-1928
KENTFIELD CA US,44.2,37.95694,-122.54389,0721,2903,1294,-1609,5743,2840,975,-1928
KENTFIELD CA US,44.2,37.95694,-122.54389,0722,2903,1294,-1609,5746,2843,975,-1928
KENTFIELD CA US,44.2,37.95694,-122.54389,0723,2903,1294,-1609,5746,2843,975,-1928
KENTFIELD CA US,44.2,37.95694,-122.54389,0724,2903,1294,-1609,5746,2843,975,-1928
KENTFIELD CA US,44.2,37.95694,-122.54389,0725,2903,1294,-1609,5746,2843,975,-1928
KENTFIELD CA US,44.2,37.95694,-122.54389,0726,2903,1294,-1609,5746,2843,975,-1928
KENTFIELD CA US,44.2,37.95694,-122.54389,0727,2903,1294,-1609,5746,2843,975,-1928
KENTFIELD CA US,44.2,37.95694,-122.54389,0728,2903,1294,-1609,5746,2843,975,-1928
KENTFIELD CA US,44.2,37.95694,-122.54389,0729,2903,1294,-1609,5746,2843,975,-1928
KENTFIELD CA US,44.2,37.95694,-122.54389,0730,2903,1294,-1609,5746,2843,975,-1928
KENTFIELD CA US,44.2,37.95694,-122.54389,0731,2903,1294,-1609,5746,2843,975,-1928
KENTFIELD CA US,44.2,37.95694,-122.54389,0801,2903,1294,-1609,5746,2843,975,-1928
KENTFIELD CA US,44.2,37.95694,-122.54389,0802,2903,1294,-1609,5746,2843,975,-1928
KENTFIELD CA US,44.2,37.95694,-122.54389,0803,2903,1294,-1609,5746,2843,975,-1928
KENTFIELD CA US,44.2,37.95694,-122.54389,0804,2903,1294,-1609,5746,2843,975,-1928
KENTFIELD CA US,44.2,37.95694,-122.54389,0805,2903,1294,-1609,5746,2843,975,-1928
KENTFIELD CA US,44.2,37.95694,-122.54389,0806,2903,1294,-1609,5746,2843,975,-1928
KENTFIELD CA US,44.2,37.95694,-122.54389,0807,2903,1294,-1609,5746,2843,975,-1928
KENTFIELD CA US,44.2,37.95694,-122.54389,0808,2904,1294,-1610,5746,2842,975,-1929
KENTFIELD CA US,44.2,37.95694,-122.54389,0809,2904,1294,-1610,5746,2842,975,-1929
KENTFIELD CA US,44.2,37.95694,-122.54389,0810,2904,1294,-1610,5746,2842,975,-1929
KENTFIELD CA US,44.2,37.95694,-122.54389,0811,2904,1294,-1610,5746,2842,975,-1929
KENTFIELD CA US,44.2,37.95694,-122.54389,0812,2904,1294,-1610,5746,2842,975,-1929
KENTFIELD CA US,44.2,37.95694,-122.54389,0813,2904,1294,-1610,5746,2842,975,-1929
KENTFIELD CA US,44.2,37.95694,-122.54389,0814,2905,1294,-1611,5746,2841,975,-1930
KENTFIELD CA US,44.2,37.95694,-122.54389,0815,2905,1294,-1611,5746,2841,975,-1930
KENTFIELD CA US,44.2,37.95694,-122.54389,0816,2905,1294,-1611,5746,2841,975,-1930
KENTFIELD CA US,44.2,37.95694,-122.54389,0817,2905,1294,-1611,5746,2841,975,-1930
KENTFIELD CA US,44.2,37.95694,-122.54389,0818,2905,1294,-1611,5746,2841,975,-1930
KENTFIELD CA US,44.2,37.95694,-122.54389,0819,2906,1294,-1612,5746,2840,975,-1931
KENTFIELD CA US,44.2,37.95694,-122.54389,0820,2906,1294,-1612,5746,2840,975,-1931
KENTFIELD CA US,44.2,37.95694,-122.54389,0821,2906,1294,-1612,5746,2840,975,-1931
KENTFIELD CA US,44.2,37.95694,-122.54389,0822,2906,1294,-1612,5746,2840,975,-1931
KENTFIELD CA US,44.2,37.95694,-122.54389,0823,2907,1294,-1613,5746,2839,975,-1932
KENTFIELD CA US,44.2,37.95694,-122.54389,0824,2907,1294,-1613,5746,2839,975,-1932
KENTFIELD CA US,44.2,37.95694,-122.54389,0825,2907,1294,-1613,5746,2839,975,-1932
KENTFIELD CA US,44.2,37.95694,-122.54389,0826,2907,1294,-1613,5746,2839,975,-1932
KENTFIELD CA US,44.2,37.95694,-122.54389,0827,2908,1294,-1614,5746,2838,975,-1933
KENTFIELD CA US,44.2,37.95694,-122.54389,0828,2908,1294,-1614,5746,2838,975,-1933
KENTFIELD CA US,44.2,37.95694,-122.54389,0829,2908,1294,-1614,5746,2838,975,-1933
KENTFIELD CA US,44.2,37.95694,-122.54389,0830,2909,1294,-1615,5746,2837,975,-1934
KENTFIELD CA US,44.2,37.95694,-122.54389,0831,2909,1294,-1615,5746,2837,975,-1934
KENTFIELD CA US,44.2,37.95694,-122.54389,0901,2909,1294,-1615,5746,2837,975,-1934
KENTFIELD CA US,44.2,37.95694,-122.54389,0902,2910,1294,-1616,5746,2836,975,-1935
KENTFIELD CA US,44.2,37.95694,-122.54389,0903,2910,1294,-1616,5746,2836,975,-1935
KENTFIELD CA US,44.2,37.95694,-122.54389,0904,2911,1294,-1617,5746,2835,975,-1936
KENTFIELD CA US,44.2,37.95694,-122.54389,0905,2911,1294,-1617,5746,2835,975,-1936
KENTFIELD CA US,44.2,37.95694,-122.54389,0906,2911,1294,-1617,5746,2835,975,-1936
KENTFIELD CA US,44.2,37.95694,-122.54389,0907,2912,1294,-1618,5746,2834,975,-1937
KENTFIELD CA US,44.2,37.95694,-122.54389,0908,2912,1294,-1618,5746,2834,975,-1937
KENTFIELD CA US,44.2,37.95694,-122.54389,0909,2913,1294,-1619,5746,2833,975,-1938
KENTFIELD CA US,44.2,37.95694,-122.54389,0910,2913,1294,-1619,5746,2833,975,-1938
KENTFIELD CA US,44.2,37.95694,-122.54389,0911,2914,1294,-1620,5746,2832,975,-1939
KENTFIELD CA US,44.2,37.95694,-122.54389,0912,2915,1294,-1621,5746,2831,975,-1940
KENTFIELD CA US,44.2,37.95694,-122.54389,0913,2915,1294,-1621,5746,2831,975,-1940
KENTFIELD CA US,44.2,37.95694,-122.54389,0914,2916,1294,-1622,5746,2830,975,-1941
KENTFIELD CA US,44.2,37.95694,-122.54389,0915,2917,1294,-1623,5746,2829,975,-1942
KENTFIELD CA US,44.2,37.95694,-122.54389,0916,2917,1294,-1623,5746,2829,975,-1942
KENTFIELD CA US,44.2,37.95694,-122.54389,0917,2918,1294,-1624,5746,2828,975,-1943
KENTFIELD CA US,44.2,37.95694,-122.54389,0918,2919,1294,-1625,5774,2855,975,-1944
KENTFIELD CA US,44.2,37.95694,-122.54389,0919,2920,1294,-1626,5774,2854,975,-1945
KENTFIELD CA US,44.2,37.95694,-122.54389,0920,2920,1294,-1626,5774,2854,975,-1945
KENTFIELD CA US,44.2,37.95694,-122.54389,0921,2921,1441,-1480,5774,2853,975,-1946
KENTFIELD CA US,44.2,37.95694,-122.54389,0922,2922,1441,-1481,5774,2852,975,-1947
KENTFIELD CA US,44.2,37.95694,-122.54389,0923,2923,1441,-1482,5774,2851,975,-1948
KENTFIELD CA US,44.2,37.95694,-122.54389,0924,2924,1441,-1483,5774,2850,975,-1949
KENTFIELD CA US,44.2,37.95694,-122.54389,0925,2926,1441,-1485,5853,2927,975,-1951
KENTFIELD CA US,44.2,37.95694,-122.54389,0926,2927,1441,-1486,5853,2926,975,-1952
KENTFIELD CA US,44.2,37.95694,-122.54389,0927,2929,1441,-1488,5853,2924,975,-1954
KENTFIELD CA US,44.2,37.95694,-122.54389,0928,2930,1441,-1489,5853,2923,975,-1955
KENTFIELD CA US,44.2,37.95694,-122.54389,0929,2933,1441,-1492,5853,2920,975,-1958
KENTFIELD CA US,44.2,37.95694,-122.54389,0930,2935,1444,-1491,5853,2918,975,-1960
KENTFIELD CA US,44.2,37.95694,-122.54389,1001,2938,1444,-1494,5853,2915,975,-1963
KENTFIELD CA US,44.2,37.95694,-122.54389,1002,2941,1444,-1497,5853,2912,975,-1966
KENTFIELD CA US,44.2,37.95694,-122.54389,1003,2944,1444,-1500,5853,2909,975,-1969
KENTFIELD CA US,44.2,37.95694,-122.54389,1004,2947,1444,-1503,5853,2906,975,-1972
KENTFIELD CA US,44.2,37.95694,-122.54389,1005,2950,1444,-1506,5853,2903,975,-1975
KENTFIELD CA US,44.2,37.95694,-122.54389,1006,2954,1444,-1510,5853,2899,975,-1979
KENTFIELD CA US,44.2,37.95694,-122.54389,1007,2957,1444,-1513,5853,2896,975,-1982
KENTFIELD CA US,44.2,37.95694,-122.54389,1008,2961,1444,-1517,5853,2892,975,-1986
KENTFIELD CA US,44.2,37.95694,-122.54389,1009,2965,1444,-1521,5853,2888,975,-1990
KENTFIELD CA US,44.2,37.95694,-122.54389,1010,2970,1444,-1526,5853,2883,975,-1995
KENTFIELD CA US,44.2,37.95694,-122.54389,1011,2974,1444,-1530,5853,2879,975,-1999
KENTFIELD CA US,44.2,37.95694,-122.54389,1012,2980,1444,-1536,5853,2873,975,-2005
KENTFIELD CA US,44.2,37.95694,-122.54389,1013,2985,1444,-1541,5853,2868,975,-2010
KENTFIELD CA US,44.2,37.95694,-122.54389,1014,2992,1444,-1548,5853,2861,975,-2017
KENTFIELD CA US,44.2,37.95694,-122.54389,1015,2998,1444,-1554,5927,2929,975,-2023
KENTFIELD CA US,44.2,37.95694,-122.54389,1016,3006,1444,-1562,5927,2921,975,-2031
KENTFIELD CA US,44.2,37.95694,-122.54389,1017,3013,1444,-1569,5927,2914,975,-2038
KENTFIELD CA US,44.2,37.95694,-122.54389,1018,3021,1444,-1577,5927,2906,975,-2046
KENTFIELD CA US,44.2,37.95694,-122.54389,1019,3029,1444,-1585,5927,2898,975,-2054
KENTFIELD CA US,44.2,37.95694,-122.54389,1020,3038,1444,-1594,5930,2892,975,-2063
KENTFIELD CA US,44.2,37.95694,-122.54389,1021,3046,1444,-1602,5930,2884,975,-2071
KENTFIELD CA US,44.2,37.95694,-122.54389,1022,3056,1444,-1612,5930,2874,975,-2081
KENTFIELD CA US,44.2,37.95694,-122.54389,1023,3066,1444,-1622,5930,2864,975,-2091
KENTFIELD CA US,44.2,37.95694,-122.54389,1024,3076,1444,-1632,5930,2854,975,-2101
KENTFIELD CA US,44.2,37.95694,-122.54389,1025,3087,1444,-1643,6006,2919,975,-2112
KENTFIELD CA US,44.2,37.95694,-122.54389,1026,3097,1444,-1653,6006,2909,975,-2122
KENTFIELD CA US,44.2,37.95694,-122.54389,1027,3109,1444,-1665,6006,2897,975,-2134
KENTFIELD CA US,44.2,37.95694,-122.54389,1028,3121,1444,-1677,6006,2885,975,-2146
KENTFIELD CA US,44.2,37.95694,-122.54389,1029,3134,1444,-1690,6006,2872,975,-2159
KENTFIELD CA US,44.2,37.95694,-122.54389,1030,3147,1444,-1703,6006,2859,975,-2172
KENTFIELD CA US,44.2,37.95694,-122.54389,1031,3161,1444,-1717,6095,2934,975,-2186
KENTFIELD CA US,44.2,37.95694,-122.54389,1101,3175,1444,-1731,6095,2920,975,-2200
KENTFIELD CA US,44.2,37.95694,-122.54389,1102,3190,1444,-1746,6095,2905,975,-2215
KENTFIELD CA US,44.2,37.95694,-122.54389,1103,3206,1444,-1762,6095,2889,975,-2231
KENTFIELD CA US,44.2,37.95694,-122.54389,1104,3223,1444,-1779,6095,2872,975,-2248
KENTFIELD CA US,44.2,37.95694,-122.54389,1105,3240,1444,-1796,6095,2855,975,-2265
KENTFIELD CA US,44.2,37.95694,-122.54389,1106,3258,1444,-1814,6095,2837,975,-2283
KENTFIELD CA US,44.2,37.95694,-122.54389,1107,3275,1444,-1831,6095,2820,975,-2300
KENTFIELD CA US,44.2,37.95694,-122.54389,1108,3293,1444,-1849,6095,2802,975,-2318
KENTFIELD CA US,44.2,37.95694,-122.54389,1109,3312,1444,-1868,6095,2783,975,-2337
KENTFIELD CA US,44.2,37.95694,-122.54389,1110,3331,1444,-1887,6095,2764,975,-2356
KENTFIELD CA US,44.2,37.95694,-122.54389,1111,3351,1444,-1907,6095,2744,975,-2376
KENTFIELD CA US,44.2,37.95694,-122.54389,1112,3371,1444,-1927,6095,2724,975,-2396
KENTFIELD CA US,44.2,37.95694,-122.54389,1113,3392,1444,-1948,6156,2764,975,-2417
KENTFIELD CA US,44.2,37.95694,-122.54389,1114,3412,1444,-1968,6156,2744,975,-2437
KENTFIELD CA US,44.2,37.95694,-122.54389,1115,3433,1444,-1989,6156,2723,975,-2458
KENTFIELD CA US,44.2,37.95694,-122.54389,1116,3455,1444,-2011,6156,2701,975,-2480
KENTFIELD CA US,44.2,37.95694,-122.54389,1117,3478,1444,-2034,6156,2678,975,-2503
KENTFIELD CA US,44.2,37.95694,-122.54389,1118,3502,1444,-2058,6156,2654,975,-2527
KENTFIELD CA US,44.2,37.95694,-122.54389,1119,3526,1508,-2018,6524,2998,975,-2551
KENTFIELD CA US,44.2,37.95694,-122.54389,1120,3549,1770,-1779,6623,3074,975,-2574
KENTFIELD CA US,44.2,37.95694,-122.54389,1121,3573,1770,-1803,6786,3213,975,-2598
KENTFIELD CA US,44.2,37.95694,-122.54389,1122,3597,1770,-1827,6946,3349,975,-2622
KENTFIELD CA US,44.2,37.95694,-122.54389,1123,3621,1770,-1851,6946,3325,975,-2646
KENTFIELD CA US,44.2,37.95694,-122.54389,1124,3646,1770,-1876,6946,3300,975,-2671
KENTFIELD CA US,44.2,37.95694,-122.54389,1125,3672,1770,-1902,6946,3274,975,-2697
KENTFIELD CA US,44.2,37.95694,-122.54389,1126,3698,1770,-1928,6946,3248,975,-2723
KENTFIELD CA US,44.2,37.95694,-122.54389,1127,3724,1770,-1954,6946,3222,975,-2749
KENTFIELD CA US,44.2,37.95694,-122.54389,1128,3751,1770,-1981,6946,3195,975,-2776
KENTFIELD CA US,44.2,37.95694,-122.54389,1129,3779,1770,-2009,7086,3307,975,-2804
KENTFIELD CA US,44.2,37.95694,-122.54389,1130,3807,1770,-2037,7246,3439,975,-2832
KENTFIELD CA US,44.2,37.95694,-122.54389,1201,3836,1770,-2066,7442,3606,975,-2861
KENTFIELD CA US,44.2,37.95694,-122.54389,1202,3865,1770,-2095,7823,3958,975,-2890
KENTFIELD CA US,44.2,37.95694,-122.54389,1203,3893,1770,-2123,8415,4522,975,-2918
KENTFIELD CA US,44.2,37.95694,-122.54389,1204,3922,1770,-2152,8593,4671,975,-2947
KENTFIELD CA US,44.2,37.95694,-122.54389,1205,3951,1770,-2181,8639,4688,975,-2976
KENTFIELD CA US,44.2,37.95694,-122.54389,1206,3981,1770,-2211,8929,4948,975,-3006
KENTFIELD CA US,44.2,37.95694,-122.54389,1207,4012,1983,-2029,8929,4917,975,-3037
KENTFIELD CA US,44.2,37.95694,-122.54389,1208,4043,1983,-2060,8929,4886,975,-3068
KENTFIELD CA US,44.2,37.95694,-122.54389,1209,4072,1983,-2089,8929,4857,975,-3097
KENTFIELD CA US,44.2,37.95694,-122.54389,1210,4102,1983,-2119,8929,4827,975,-3127
KENTFIELD CA US,44.2,37.95694,-122.54389,1211,4131,1983,-2148,9843,5712,975,-3156
KENTFIELD CA US,44.2,37.95694,-122.54389,1212,4161,1983,-2178,10176,6015,975,-3186
KENTFIELD CA US,44.2,37.95694,-122.54389,1213,4192,1983,-2209,10176,5984,975,-3217
KENTFIELD CA US,44.2,37.95694,-122.54389,1214,4223,1983,-2240,10176,5953,975,-3248
KENTFIELD CA US,44.2,37.95694,-122.54389,1215,4255,1983,-2272,10902,6647,975,-3280
KENTFIELD CA US,44.2,37.95694,-122.54389,1216,4287,1983,-2304,11273,6986,975,-3312
KENTFIELD CA US,44.2,37.95694,-122.54389,1217,4320,1983,-2337,11466,7146,975,-3345
KENTFIELD CA US,44.2,37.95694,-122.54389,1218,4353,1983,-2370,11601,7248,975,-3378
KENTFIELD CA US,44.2,37.95694,-122.54389,1219,4387,1983,-2404,12269,7882,975,-3412
KENTFIELD CA US,44.2,37.95694,-122.54389,1220,4421,1983,-2438,12269,7848,975,-3446
KENTFIELD CA US,44.2,37.95694,-122.54389,1221,4458,1983,-2475,12269,7811,975,-3483
KENTFIELD CA US,44.2,37.95694,-122.54389,1222,4495,1983,-2512,12269,7774,975,-3520
KENTFIELD CA US,44.2,37.95694,-122.54389,1223,4531,1983,-2548,12269,7738,975,-3556
KENTFIELD CA US,44.2,37.95694,-122.54389,1224,4566,1983,-2583,12277,7711,975,-3591
KENTFIELD CA US,44.2,37.95694,-122.54389,1225,4601,1983,-2618,12277,7676,975,-3626
KENTFIELD CA US,44.2,37.95694,-122.54389,1226,4635,1983,-2652,12277,7642,975,-3660
KENTFIELD CA US,44.2,37.95694,-122.54389,1227,4668,1983,-2685,12277,7609,975,-3693
KENTFIELD CA US,44.2,37.95694,-122.54389,1228,4700,1983,-2717,12277,7577,975,-3725
KENTFIELD CA US,44.2,37.95694,-122.54389,1229,4733,1983,-2750,12277,7544,975,-3758
KENTFIELD CA US,44.2,37.95694,-122.54389,1230,4765,1983,-2782,12277,7512,975,-3790
KENTFIELD CA US,44.2,37.95694,-122.54389,1231,4798,1983,-2815,12277,7479,975,-3823
BLYTHE CA US,81.7,33.6131,-114.5972,0101,2,0,-2,0,-2,0,-2
BLYTHE CA US,81.7,33.6131,-114.5972,0102,4,0,-4,0,-4,0,-4
BLYTHE CA US,81.7,33.6131,-114.5972,0103,6,0,-6,0,-6,0,-6
BLYTHE CA US,81.7,33.6131,-114.5972,0104,8,0,-8,0,-8,0,-8
BLYTHE CA US,81.7,33.6131,-114.5972,0105,10,0,-10,0,-10,0,-10
BLYTHE CA US,81.7,33.6131,-114.5972,0106,12,0,-12,0,-12,0,-12
BLYTHE CA US,81.7,33.6131,-114.5972,0107,14,0,-14,0,-14,0,-14
BLYTHE CA US,81.7,33.6131,-114.5972,0108,16,0,-16,0,-16,0,-16
BLYTHE CA US,81.7,33.6131,-114.5972,0109,18,0,-18,0,-18,0,-18
BLYTHE CA US,81.7,33.6131,-114.5972,0110,20,0,-20,0,-20,0,-20
BLYTHE CA US,81.7,33.6131,-114.5972,0111,22,0,-22,0,-22,0,-22
BLYTHE CA US,81.7,33.6131,-114.5972,0112,23,0,-23,0,-23,36,13
BLYTHE CA US,81.7,33.6131,-114.5972,0113,25,0,-25,0,-25,36,11
BLYTHE CA US,81.7,33.6131,-114.5972,0114,27,0,-27,0,-27,36,9
BLYTHE CA US,81.7,33.6131,-114.5972,0115,29,0,-29,0,-29,36,7
BLYTHE CA US,81.7,33.6131,-114.5972,0116,31,0,-31,0,-31,36,5
BLYTHE CA US,81.7,33.6131,-114.5972,0117,33,0,-33,0,-33,36,3
BLYTHE CA US,81.7,33.6131,-114.5972,0118,35,0,-35,0,-35,36,1
BLYTHE CA US,81.7,33.6131,-114.5972,0119,36,0,-36,0,-36,36,0
BLYTHE CA US,81.7,33.6131,-114.5972,0120,38,0,-38,0,-38,36,-2
BLYTHE CA US,81.7,33.6131,-114.5972,0121,40,0,-40,0,-40,36,-4
BLYTHE CA US,81.7,33.6131,-114.5972,0122,41,0,-41,0,-41,36,-5
BLYTHE CA US,81.7,33.6131,-114.5972,0123,43,0,-43,0,-43,36,-7
BLYTHE CA US,81.7,33.6131,-114.5972,0124,44,0,-44,0,-44,36,-8
BLYTHE CA US,81.7,33.6131,-114.5972,0125,46,0,-46,0,-46,36,-10
BLYTHE CA US,81.7,33.6131,-114.5972,0126,48,178,130,0,-48,36,-12
BLYTHE CA US,81.7,33.6131,-114.5972,0127,49,203,154,0,-49,94,45
BLYTHE CA US,81.7,33.6131,-114.5972,0128,51,203,152,0,-51,94,43
BLYTHE CA US,81.7,33.6131,-114.5972,0129,53,203,150,0,-53,94,41
BLYTHE CA US,81.7,33.6131,-114.5972,0130,54,203,149,0,-54,196,142
BLYTHE CA US,81.7,33.6131,-114.5972,0131,56,203,147,0,-56,196,140
BLYTHE CA US,81.7,33.6131,-114.5972,0201,58,203,145,0,-58,196,138
BLYTHE CA US,81.7,33.6131,-114.5972,0202,60,203,143,0,-60,196,136
BLYTHE CA US,81.7,33.6131,-114.5972,0203,62,206,144,0,-62,196,134
BLYTHE CA US,81.7,33.6131,-114.5972,0204,64,206,142,0,-64,196,132
BLYTHE CA US,81.7,33.6131,-114.5972,0205,66,206,140,0,-66,196,130
BLYTHE CA US,81.7,33.6131,-114.5972,0206,68,206,138,0,-68,196,128
BLYTHE CA US,81.7,33.6131,-114.5972,0207,71,206,135,0,-71,196,125
BLYTHE CA US,81.7,33.6131,-114.5972,0208,73,206,133,0,-73,196,123
BLYTHE CA US,81.7,33.6131,-114.5972,0209,75,206,131,0,-75,196,121
BLYTHE CA US,81.7,33.6131,-114.5972,0210,77,206,129,0,-77,196,119
BLYTHE CA US,81.7,33.6131,-114.5972,0211,79,206,127,0,-79,196,117
BLYTHE CA US,81.7,33.6131,-114.5972,0212,81,206,125,0,-81,196,115
BLYTHE CA US,81.7,33.6131,-114.5972,0213,83,206,123,0,-83,196,113
BLYTHE CA US,81.7,33.6131,-114.5972,0214,86,206,120,0,-86,196,110
BLYTHE CA US,81.7,33.6131,-114.5972,0215,88,206,118,0,-88,196,108
BLYTHE CA US,81.7,33.6131,-114.5972,0216,90,206,116,0,-90,196,106
BLYTHE CA US,81.7,33.6131,-114.5972,0217,93,206,113,0,-93,196,103
BLYTHE CA US,81.7,33.6131,-114.5972,0218,95,206,111,0,-95,196,101
BLYTHE CA US,81.7,33.6131,-114.5972,0219,96,206,110,0,-96,196,100
BLYTHE CA US,81.7,33.6131,-114.5972,0220,98,216,118,0,-98,196,98
BLYTHE CA US,81.7,33.6131,-114.5972,0221,101,216,115,0,-101,196,95
BLYTHE CA US,81.7,33.6131,-114.5972,0222,103,216,113,0,-103,196,93
BLYTHE CA US,81.7,33.6131,-114.5972,0223,105,216,111,0,-105,219,114
BLYTHE CA US,81.7,33.6131,-114.5972,0224,107,216,109,0,-107,219,112
BLYTHE CA US,81.7,33.6131,-114.5972,0225,109,216,107,0,-109,219,110
BLYTHE CA US,81.7,33.6131,-114.5972,0226,110,216,106,0,-110,219,109
BLYTHE CA US,81.7,33.6131,-114.5972,0227,112,216,104,0,-112,219,107
BLYTHE CA US,81.7,33.6131,-114.5972,0228,114,216,102,0,-114,219,105
BLYTHE CA US,81.7,33.6131,-114.5972,0301,116,216,100,64,-52,219,103
BLYTHE CA US,81.7,33.6131,-114.5972,0302,118,216,98,79,-39,458,340
BLYTHE CA US,81.7,33.6131,-114.5972,0303,119,216,97,79,-40,458,339
BLYTHE CA US,81.7,33.6131,-114.5972,0304,121,216,95,79,-42,458,337
BLYTHE CA US,81.7,33.6131,-114.5972,0305,123,216,93,79,-44,458,335
BLYTHE CA US,81.7,33.6131,-114.5972,0306,124,216,92,79,-45,458,334
BLYTHE CA US,81.7,33.6131,-114.5972,0307,126,216,90,79,-47,458,332
BLYTHE CA US,81.7,33.6131,-114.5972,0308,128,216,88,79,-49,458,330
BLYTHE CA US,81.7,33.6131,-114.5972,0309,129,216,87,79,-50,458,329
BLYTHE CA US,81.7,33.6131,-114.5972,0310,131,216,85,79,-52,458,327
BLYTHE CA US,81.7,33.6131,-114.5972,0311,133,216,83,79,-54,458,325
BLYTHE CA US,81.7,33.6131,-114.5972,0312,134,216,82,79,-55,458,324
BLYTHE CA US,81.7,33.6131,-114.5972,0313,136,216,80,79,-57,458,322
BLYTHE CA US,81.7,33.6131,-114.5972,0314,137,216,79,79,-58,458,321
BLYTHE CA US,81.7,33.6131,-114.5972,0315,138,216,78,79,-59,458,320
BLYTHE CA US,81.7,33.6131,-114.5972,0316,140,216,76,79,-61,458,318
BLYTHE CA US,81.7,33.6131,-114.5972,0317,141,216,75,79,-62,458,317
BLYTHE CA US,81.7,33.6131,-114.5972,0318,142,216,74,79,-63,458,316
BLYTHE CA US,81.7,33.6131,-114.5972,0319,143,216,73,79,-64,463,320
BLYTHE CA US,81.7,33.6131,-114.5972,0320,145,216,71,79,-66,463,318
BLYTHE CA US,81.7,33.6131,-114.5972,0321,146,216,70,79,-67,463,317
BLYTHE CA US,81.7,33.6131,-114.5972,0322,147,216,69,79,-68,463,316
BLYTHE CA US,81.7,33.6131,-114.5972,0323,148,216,68,79,-69,463,315
BLYTHE CA US,81.7,33.6131,-114.5972,0324,148,216,68,79,-69,463,315
BLYTHE CA US,81.7,33.6131,-114.5972,0325,149,216,67,79,-70,463,314
BLYTHE CA US,81.7,33.6131,-114.5972,0326,150,216,66,79,-71,463,313
BLYTHE CA US,81.7,33.6131,-114.5972,0327,151,216,65,79,-72,463,312
BLYTHE CA US,81.7,33.6131,-114.5972,0328,152,216,64,79,-73,463,311
BLYTHE CA US,81.7,33.6131,-114.5972,0329,153,216,63,79,-74,463,310
BLYTHE CA US,81.7,33.6131,-114.5972,0330,153,216,63,79,-74,463,310
BLYTHE CA US,81.7,33.6131,-114.5972,0331,154,216,62,79,-75,463,309
BLYTHE CA US,81.7,33.6131,-114.5972,0401,155,216,61,79,-76,463,308
BLYTHE CA US,81.7,33.6131,-114.5972,0402,155,216,61,79,-76,463,308
BLYTHE CA US,81.7,33.6131,-114.5972,0403,156,216,60,79,-77,463,307
BLYTHE CA US,81.7,33.6131,-114.5972,0404,156,216,60,79,-77,463,307
BLYTHE CA US,81.7,33.6131,-114.5972,0405,157,216,59,79,-78,463,306
BLYTHE CA US,81.7,33.6131,-114.5972,0406,157,216,59,79,-78,463,306
BLYTHE CA US,81.7,33.6131,-114.5972,0407,157,216,59,79,-78,463,306
BLYTHE CA US,81.7,33.6131,-114.5972,0408,158,216,58,79,-79,463,305
BLYTHE CA US,81.7,33.6131,-114.5972,0409,158,216,58,79,-79,463,305
BLYTHE CA US,81.7,33.6131,-114.5972,0410,158,216,58,79,-79,463,305
BLYTHE CA US,81.7,33.6131,-114.5972,0411,159,216,57,79,-80,463,304
BLYTHE CA US,81.7,33.6131,-114.5972,0412,159,216,57,79,-80,463,304
BLYTHE CA US,81.7,33.6131,-114.5972,0413,159,216,57,79,-80,463,304
BLYTHE CA US,81.7,33.6131,-114.5972,0414,160,216,56,79,-81,463,303
BLYTHE CA US,81.7,33.6131,-114.5972,0415,160,216,56,79,-81,463,303
BLYTHE CA US,81.7,33.6131,-114.5972,0416,160,216,56,79,-81,463,303
BLYTHE CA US,81.7,33.6131,-114.5972,0417,160,216,56,79,-81,463,303
BLYTHE CA US,81.7,33.6131,-114.5972,0418,161,216,55,79,-82,463,302
BLYTHE CA US,81.7,33.6131,-114.5972,0419,161,216,55,79,-82,463,302
BLYTHE CA US,81.7,33.6131,-114.5972,0420,161,216,55,79,-82,463,302
BLYTHE CA US,81.7,33.6131,-114.5972,0421,161,216,55,79,-82,463,302
BLYTHE CA US,81.7,33.6131,-114.5972,0422,162,216,54,79,-83,463,301
BLYTHE CA US,81.7,33.6131,-114.5972,0423,162,216,54,79,-83,463,301
BLYTHE CA US,81.7,33.6131,-114.5972,0424,162,216,54,79,-83,463,301
BLYTHE CA US,81.7,33.6131,-114.5972,0425,162,216,54,79,-83,463,301
BLYTHE CA US,81.7,33.6131,-114.5972,0426,163,216,53,79,-84,463,300
BLYTHE CA US,81.7,33.6131,-114.5972,0427,163,216,53,79,-84,463,300
BLYTHE CA US,81.7,33.6131,-114.5972,0428,163,216,53,79,-84,463,300
BLYTHE CA US,81.7,33.6131,-114.5972,0429,163,216,53,79,-84,463,300
BLYTHE CA US,81.7,33.6131,-114.5972,0430,163,216,53,79,-84,463,300
BLYTHE CA US,81.7,33.6131,-114.5972,0501,163,216,53,79,-84,463,300
BLYTHE CA US,81.7,33.6131,-114.5972,0502,163,216,53,79,-84,463,300
BLYTHE CA US,81.7,33.6131,-114.5972,0503,163,216,53,79,-84,463,300
BLYTHE CA US,81.7,33.6131,-114.5972,0504,163,216,53,79,-84,463,300
BLYTHE CA US,81.7,33.6131,-114.5972,0505,163,216,53,79,-84,463,300
BLYTHE CA US,81.7,33.6131,-114.5972,0506,163,216,53,79,-84,463,300
BLYTHE CA US,81.7,33.6131,-114.5972,0507,163,216,53,79,-84,463,300
BLYTHE CA US,81.7,33.6131,-114.5972,0508,163,216,53,79,-84,463,300
BLYTHE CA US,81.7,33.6131,-114.5972,0509,163,216,53,79,-84,463,300
BLYTHE CA US,81.7,33.6131,-114.5972,0510,164,216,52,79,-85,463,299
BLYTHE CA US,81.7,33.6131,-114.5972,0511,164,216,52,79,-85,463,299
BLYTHE CA US,81.7,33.6131,-114.5972,0512,164,216,52,79,-85,463,299
BLYTHE CA US,81.7,33.6131,-114.5972,0513,164,216,52,79,-85,463,299
BLYTHE CA US,81.7,33.6131,-114.5972,0514,164,216,52,79,-85,463,299
BLYTHE CA US,81.7,33.6131,-114.5972,0515,165,216,51,79,-86,463,298
BLYTHE CA US,81.7,33.6131,-114.5972,0516,165,216,51,79,-86,463,298
BLYTHE CA US,81.7,33.6131,-114.5972,0517,165,216,51,79,-86,463,298
BLYTHE CA US,81.7,33.6131,-114.5972,0518,165,216,51,79,-86,463,298
BLYTHE CA US,81.7,33.6131,-114.5972,0519,165,216,51,79,-86,463,298
BLYTHE CA US,81.7,33.6131,-114.5972,0520,165,216,51,79,-86,463,298
BLYTHE CA US,81.7,33.6131,-114.5972,0521,165,216,51,79,-86,463,298
BLYTHE CA US,81.7,33.6131,-114.5972,0522,166,216,50,79,-87,463,297
BLYTHE CA US,81.7,33.6131,-114.5972,0523,166,216,50,79,-87,463,297
BLYTHE CA US,81.7,33.6131,-114.5972,0524,166,216,50,82,-84,463,297
BLYTHE CA US,81.7,33.6131,-114.5972,0525,166,216,50,82,-84,463,297
BLYTHE CA US,81.7,33.6131,-114.5972,0526,166,216,50,82,-84,463,297
BLYTHE CA US,81.7,33.6131,-114.5972,0527,166,216,50,82,-84,463,297
BLYTHE CA US,81.7,33.6131,-114.5972,0528,167,216,49,82,-85,463,296
BLYTHE CA US,81.7,33.6131,-114.5972,0529,167,216,49,82,-85,463,296
BLYTHE CA US,81.7,33.6131,-114.5972,0530,167,216,49,82,-85,463,296
BLYTHE CA US,81.7,33.6131,-114.5972,0531,167,216,49,82,-85,463,296
BLYTHE CA US,81.7,33.6131,-114.5972,0601,167,216,49,82,-85,463,296
BLYTHE CA US,81.7,33.6131,-114.5972,0602,167,216,49,82,-85,463,296
BLYTHE CA US,81.7,33.6131,-114.5972,0603,167,216,49,82,-85,463,296
BLYTHE CA US,81.7,33.6131,-114.5972,0604,167,216,49,82,-85,463,296
BLYTHE CA US,81.7,33.6131,-114.5972,0605,167,216,49,82,-85,463,296
BLYTHE CA US,81.7,33.6131,-114.5972,0606,167,216,49,82,-85,463,296
BLYTHE CA US,81.7,33.6131,-114.5972,0607,167,216,49,82,-85,463,296
BLYTHE CA US,81.7,33.6131,-114.5972,0608,167,216,49,82,-85,463,296
BLYTHE CA US,81.7,33.6131,-114.5972,0609,167,216,49,82,-85,463,296
BLYTHE CA US,81.7,33.6131,-114.5972,0610,167,216,49,82,-85,463,296
BLYTHE CA US,81.7,33.6131,-114.5972,0611,167,216,49,82,-85,463,296
BLYTHE CA US,81.7,33.6131,-114.5972,0612,167,216,49,82,-85,463,296
BLYTHE CA US,81.7,33.6131,-114.5972,0613,167,216,49,82,-85,463,296
BLYTHE CA US,81.7,33.6131,-114.5972,0614,167,216,49,82,-85,463,296
BLYTHE CA US,81.7,33.6131,-114.5972,0615,167,216,49,82,-85,463,296
BLYTHE CA US,81.7,33.6131,-114.5972,0616,167,216,49,82,-85,463,296
BLYTHE CA US,81.7,33.6131,-114.5972,0617,167,216,49,82,-85,463,296
BLYTHE CA US,81.7,33.6131,-114.5972,0618,167,216,49,82,-85,463,296
BLYTHE CA US,81.7,33.6131,-114.5972,0619,167,216,49,82,-85,463,296
BLYTHE CA US,81.7,33.6131,-114.5972,0620,167,216,49,82,-85,463,296
BLYTHE CA US,81.7,33.6131,-114.5972,0621,167,216,49,82,-85,463,296
BLYTHE CA US,81.7,33.6131,-114.5972,0622,167,216,49,82,-85,463,296
BLYTHE CA US,81.7,33.6131,-114.5972,0623,167,216,49,82,-85,463,296
BLYTHE CA US,81.7,33.6131,-114.5972,0624,167,216,49,82,-85,463,296
BLYTHE CA US,81.7,33.6131,-114.5972,0625,167,216,49,82,-85,463,296
BLYTHE CA US,81.7,33.6131,-114.5972,0626,167,216,49,82,-85,463,296
BLYTHE CA US,81.7,33.6131,-114.5972,0627,167,216,49,82,-85,463,296
BLYTHE CA US,81.7,33.6131,-114.5972,0628,167,216,49,82,-85,463,296
BLYTHE CA US,81.7,33.6131,-114.5972,0629,167,216,49,82,-85,463,296
BLYTHE CA US,81.7,33.6131,-114.5972,0630,167,216,49,82,-85,463,296
BLYTHE CA US,81.7,33.6131,-114.5972,0701,167,216,49,82,-85,463,296
BLYTHE CA US,81.7,33.6131,-114.5972,0702,168,216,48,82,-86,463,295
BLYTHE CA US,81.7,33.6131,-114.5972,0703,168,216,48,82,-86,463,295
BLYTHE CA US,81.7,33.6131,-114.5972,0704,168,216,48,82,-86,463,295
BLYTHE CA US,81.7,33.6131,-114.5972,0705,169,216,47,82,-87,463,294
BLYTHE CA US,81.7,33.6131,-114.5972,0706,169,216,47,82,-87,463,294
BLYTHE CA US,81.7,33.6131,-114.5972,0707,170,216,46,82,-88,463,293
BLYTHE CA US,81.7,33.6131,-114.5972,0708,170,216,46,82,-88,463,293
BLYTHE CA US,81.7,33.6131,-114.5972,0709,171,216,45,82,-89,463,292
BLYTHE CA US,81.7,33.6131,-114.5972,0710,172,216,44,82,-90,463,291
BLYTHE CA US,81.7,33.6131,-114.5972,0711,172,272,100,82,-90,463,291
BLYTHE CA US,81.7,33.6131,-114.5972,0712,173,285,112,82,-91,463,290
BLYTHE CA US,81.7,33.6131,-114.5972,0713,174,285,111,82,-92,463,289
BLYTHE CA US,81.7,33.6131,-114.5972,0714,174,285,111,82,-92,463,289
BLYTHE CA US,81.7,33.6131,-114.5972,0715,175,285,110,82,-93,463,288
BLYTHE CA US,81.7,33.6131,-114.5972,0716,176,285,109,82,-94,463,287
BLYTHE CA US,81.7,33.6131,-114.5972,0717,176,285,109,82,-94,463,287
BLYTHE CA US,81.7,33.6131,-114.5972,0718,177,285,108,82,-95,463,286
BLYTHE CA US,81.7,33.6131,-114.5972,0719,178,285,107,82,-96,463,285
BLYTHE CA US,81.7,33.6131,-114.5972,0720,179,371,192,82,-97,463,284
BLYTHE CA US,81.7,33.6131,-114.5972,0721,179,371,192,82,-97,463,284
BLYTHE CA US,81.7,33.6131,-114.5972,0722,180,460,280,82,-98,463,283
BLYTHE CA US,81.7,33.6131,-114.5972,0723,181,460,279,82,-99,463,282
BLYTHE CA US,81.7,33.6131,-114.5972,0724,181,460,279,82,-99,463,282
BLYTHE CA US,81.7,33.6131,-114.5972,0725,182,460,278,82,-100,463,281
BLYTHE CA US,81.7,33.6131,-114.5972,0726,183,460,277,82,-101,463,280
BLYTHE CA US,81.7,33.6131,-114.5972,0727,184,460,276,82,-102,463,279
BLYTHE CA US,81.7,33.6131,-114.5972,0728,185,460,275,82,-103,463,278
BLYTHE CA US,81.7,33.6131,-114.5972,0729,186,460,274,82,-104,463,277
BLYTHE CA US,81.7,33.6131,-114.5972,0730,187,460,273,82,-105,463,276
BLYTHE CA US,81.7,33.6131,-114.5972,0731,189,460,271,82,-107,463,274
BLYTHE CA US,81.7,33.6131,-114.5972,0801,190,460,270,82,-108,463,273
BLYTHE CA US,81.7,33.6131,-114.5972,0802,192,460,268,82,-110,463,271
BLYTHE CA US,81.7,33.6131,-114.5972,0803,193,460,267,82,-111,463,270
BLYTHE CA US,81.7,33.6131,-114.5972,0804,194,460,266,82,-112,463,269
BLYTHE CA US,81.7,33.6131,-114.5972,0805,196,460,264,82,-114,463,267
BLYTHE CA US,81.7,33.6131,-114.5972,0806,197,460,263,82,-115,463,266
BLYTHE CA US,81.7,33.6131,-114.5972,0807,198,460,262,82,-116,463,265
BLYTHE CA US,81.7,33.6131,-114.5972,0808,199,460,261,82,-117,463,264
BLYTHE CA US,81.7,33.6131,-114.5972,0809,201,460,259,82,-119,463,262
BLYTHE CA US,81.7,33.6131,-114.5972,0810,202,460,258,82,-120,463,261
BLYTHE CA US,81.7,33.6131,-114.5972,0811,203,460,257,82,-121,463,260
BLYTHE CA US,81.7,33.6131,-114.5972,0812,205,460,255,463,258,463,258
BLYTHE CA US,81.7,33.6131,-114.5972,0813,206,460,254,463,257,463,257
BLYTHE CA US,81.7,33.6131,-114.5972,0814,207,460,253,463,256,463,256
BLYTHE CA US,81.7,33.6131,-114.5972,0815,209,460,251,463,254,463,254
BLYTHE CA US,81.7,33.6131,-114.5972,0816,210,460,250,463,253,463,253
BLYTHE CA US,81.7,33.6131,-114.5972,0817,212,460,248,463,251,463,251
BLYTHE CA US,81.7,33.6131,-114.5972,0818,213,460,247,463,250,463,250
BLYTHE CA US,81.7,33.6131,-114.5972,0819,214,460,246,463,249,463,249
BLYTHE CA US,81.7,33.6131,-114.5972,0820,216,460,244,463,247,463,247
BLYTHE CA US,81.7,33.6131,-114.5972,0821,217,460,243,532,315,463,246
BLYTHE CA US,81.7,33.6131,-114.5972,0822,219,460,241,651,432,463,244
BLYTHE CA US,81.7,33.6131,-114.5972,0823,220,460,240,651,431,463,243
BLYTHE CA US,81.7,33.6131,-114.5972,0824,222,460,238,651,429,463,241
BLYTHE CA US,81.7,33.6131,-114.5972,0825,224,478,254,651,427,463,239
BLYTHE CA US,81.7,33.6131,-114.5972,0826,225,516,291,651,426,463,238
BLYTHE CA US,81.7,33.6131,-114.5972,0827,227,516,289,651,424,463,236
BLYTHE CA US,81.7,33.6131,-114.5972,0828,228,516,288,651,423,463,235
BLYTHE CA US,81.7,33.6131,-114.5972,0829,229,516,287,651,422,463,234
BLYTHE CA US,81.7,33.6131,-114.5972,0830,230,569,339,651,421,463,233
BLYTHE CA US,81.7,33.6131,-114.5972,0831,231,569,338,651,420,463,232
BLYTHE CA US,81.7,33.6131,-114.5972,0901,232,569,337,651,419,463,231
BLYTHE CA US,81.7,33.6131,-114.5972,0902,234,569,335,651,417,463,229
BLYTHE CA US,81.7,33.6131,-114.5972,0903,235,605,370,651,416,463,228
BLYTHE CA US,81.7,33.6131,-114.5972,0904,236,605,369,651,415,463,227
BLYTHE CA US,81.7,33.6131,-114.5972,0905,238,605,367,651,413,463,225
BLYTHE CA US,81.7,33.6131,-114.5972,0906,239,605,366,651,412,463,224
BLYTHE CA US,81.7,33.6131,-114.5972,0907,240,684,444,651,411,463,223
BLYTHE CA US,81.7,33.6131,-114.5972,0908,241,684,443,651,410,463,222
BLYTHE CA US,81.7,33.6131,-114.5972,0909,243,684,441,651,408,463,220
BLYTHE CA US,81.7,33.6131,-114.5972,0910,244,735,491,730,486,463,219
BLYTHE CA US,81.7,33.6131,-114.5972,0911,246,735,489,730,484,463,217
BLYTHE CA US,81.7,33.6131,-114.5972,0912,248,735,487,730,482,463,215
BLYTHE CA US,81.7,33.6131,-114.5972,0913,250,735,485,730,480,463,213
BLYTHE CA US,81.7,33.6131,-114.5972,0914,252,735,483,730,478,463,211
BLYTHE CA US,81.7,33.6131,-114.5972,0915,254,735,481,730,476,463,209
BLYTHE CA US,81.7,33.6131,-114.5972,0916,255,735,480,730,475,463,208
BLYTHE CA US,81.7,33.6131,-114.5972,0917,257,735,478,730,473,463,206
BLYTHE CA US,81.7,33.6131,-114.5972,0918,259,735,476,730,471,463,204
BLYTHE CA US,81.7,33.6131,-114.5972,0919,261,735,474,730,469,463,202
BLYTHE CA US,81.7,33.6131,-114.5972,0920,262,735,473,730,468,463,201
BLYTHE CA US,81.7,33.6131,-114.5972,0921,264,735,471,730,466,463,199
BLYTHE CA US,81.7,33.6131,-114.5972,0922,265,735,470,730,465,463,198
BLYTHE CA US,81.7,33.6131,-114.5972,0923,266,735,469,730,464,463,197
BLYTHE CA US,81.7,33.6131,-114.5972,0924,268,735,467,730,462,463,195
BLYTHE CA US,81.7,33.6131,-114.5972,0925,269,735,466,730,461,463,194
BLYTHE CA US,81.7,33.6131,-114.5972,0926,270,735,465,730,460,463,193
BLYTHE CA US,81.7,33.6131,-114.5972,0927,272,735,463,730,458,463,191
BLYTHE CA US,81.7,33.6131,-114.5972,0928,273,735,462,730,457,463,190
BLYTHE CA US,81.7,33.6131,-114.5972,0929,275,735,460,730,455,463,188
BLYTHE CA US,81.7,33.6131,-114.5972,0930,276,735,459,730,454,463,187
BLYTHE CA US,81.7,33.6131,-114.5972,1001,277,735,458,730,453,463,186
BLYTHE CA US,81.7,33.6131,-114.5972,1002,278,735,457,730,452,463,185
BLYTHE CA US,81.7,33.6131,-114.5972,1003,279,735,456,730,451,463,184
BLYTHE CA US,81.7,33.6131,-114.5972,1004,280,735,455,730,450,463,183
BLYTHE CA US,81.7,33.6131,-114.5972,1005,281,735,454,730,449,463,182
BLYTHE CA US,81.7,33.6131,-114.5972,1006,282,735,453,730,448,463,181
BLYTHE CA US,81.7,33.6131,-114.5972,1007,283,735,452,730,447,463,180
BLYTHE CA US,81.7,33.6131,-114.5972,1008,284,735,451,730,446,463,179
BLYTHE CA US,81.7,33.6131,-114.5972,1009,285,735,450,733,448,463,178
BLYTHE CA US,81.7,33.6131,-114.5972,1010,285,738,453,733,448,463,178
BLYTHE CA US,81.7,33.6131,-114.5972,1011,286,738,452,733,447,463,177
BLYTHE CA US,81.7,33.6131,-114.5972,1012,286,738,452,733,447,463,177
BLYTHE CA US,81.7,33.6131,-114.5972,1013,287,738,451,733,446,463,176
BLYTHE CA US,81.7,33.6131,-114.5972,1014,287,738,451,733,446,463,176
BLYTHE CA US,81.7,33.6131,-114.5972,1015,288,738,450,733,445,463,175
BLYTHE CA US,81.7,33.6131,-114.5972,1016,288,738,450,733,445,463,175
BLYTHE CA US,81.7,33.6131,-114.5972,1017,289,738,449,733,444,463,174
BLYTHE CA US,81.7,33.6131,-114.5972,1018,289,738,449,733,444,463,174
BLYTHE CA US,81.7,33.6131,-114.5972,1019,290,738,448,733,443,463,173
BLYTHE CA US,81.7,33.6131,-114.5972,1020,291,738,447,733,442,463,172
BLYTHE CA US,81.7,33.6131,-114.5972,1021,291,738,447,733,442,463,172
BLYTHE CA US,81.7,33.6131,-114.5972,1022,292,738,446,733,441,463,171
BLYTHE CA US,81.7,33.6131,-114.5972,1023,292,738,446,733,441,463,171
BLYTHE CA US,81.7,33.6131,-114.5972,1024,293,738,445,733,440,463,170
BLYTHE CA US,81.7,33.6131,-114.5972,1025,293,738,445,733,440,463,170
BLYTHE CA US,81.7,33.6131,-114.5972,1026,294,738,444,733,439,463,169
BLYTHE CA US,81.7,33.6131,-114.5972,1027,294,738,444,733,439,463,169
BLYTHE CA US,81.7,33.6131,-114.5972,1028,295,738,443,733,438,463,168
BLYTHE CA US,81.7,33.6131,-114.5972,1029,295,738,443,733,438,463,168
BLYTHE CA US,81.7,33.6131,-114.5972,1030,295,738,443,733,438,463,168
BLYTHE CA US,81.7,33.6131,-114.5972,1031,296,738,442,733,437,463,167
BLYTHE CA US,81.7,33.6131,-114.5972,1101,296,738,442,733,437,463,167
BLYTHE CA US,81.7,33.6131,-114.5972,1102,297,738,441,733,436,463,166
BLYTHE CA US,81.7,33.6131,-114.5972,1103,297,738,441,733,436,463,166
BLYTHE CA US,81.7,33.6131,-114.5972,1104,298,738,440,733,435,463,165
BLYTHE CA US,81.7,33.6131,-114.5972,1105,298,738,440,733,435,463,165
BLYTHE CA US,81.7,33.6131,-114.5972,1106,299,738,439,733,434,463,164
BLYTHE CA US,81.7,33.6131,-114.5972,1107,299,738,439,733,434,463,164
BLYTHE CA US,81.7,33.6131,-114.5972,1108,300,738,438,733,433,463,163
BLYTHE CA US,81.7,33.6131,-114.5972,1109,300,738,438,733,433,463,163
BLYTHE CA US,81.7,33.6131,-114.5972,1110,301,738,437,733,432,463,162
BLYTHE CA US,81.7,33.6131,-114.5972,1111,301,738,437,733,432,463,162
BLYTHE CA US,81.7,33.6131,-114.5972,1112,302,738,436,733,431,463,161
BLYTHE CA US,81.7,33.6131,-114.5972,1113,303,738,435,733,430,463,160
BLYTHE CA US,81.7,33.6131,-114.5972,1114,303,738,435,733,430,463,160
BLYTHE CA US,81.7,33.6131,-114.5972,1115,304,738,434,733,429,463,159
BLYTHE CA US,81.7,33.6131,-114.5972,1116,305,738,433,733,428,463,158
BLYTHE CA US,81.7,33.6131,-114.5972,1117,305,738,433,733,428,463,158
BLYTHE CA US,81.7,33.6131,-114.5972,1118,306,738,432,733,427,463,157
BLYTHE CA US,81.7,33.6131,-114.5972,1119,307,738,431,733,426,463,156
BLYTHE CA US,81.7,33.6131,-114.5972,1120,307,738,431,733,426,463,156
BLYTHE CA US,81.7,33.6131,-114.5972,1121,308,738,430,733,425,463,155
BLYTHE CA US,81.7,33.6131,-114.5972,1122,309,865,556,733,424,463,154
BLYTHE CA US,81.7,33.6131,-114.5972,1123,310,962,652,733,423,463,153
BLYTHE CA US,81.7,33.6131,-114.5972,1124,311,972,661,733,422,463,152
BLYTHE CA US,81.7,33.6131,-114.5972,1125,312,972,660,733,421,463,151
BLYTHE CA US,81.7,33.6131,-114.5972,1126,314,972,658,733,419,463,149
BLYTHE CA US,81.7,33.6131,-114.5972,1127,315,972,657,733,418,463,148
BLYTHE CA US,81.7,33.6131,-114.5972,1128,316,972,656,733,417,463,147
BLYTHE CA US,81.7,33.6131,-114.5972,1129,318,972,654,733,415,463,145
BLYTHE CA US,81.7,33.6131,-114.5972,1130,319,972,653,733,414,463,144
BLYTHE CA US,81.7,33.6131,-114.5972,1201,321,972,651,733,412,463,142
BLYTHE CA US,81.7,33.6131,-114.5972,1202,322,972,650,733,411,463,141
BLYTHE CA US,81.7,33.6131,-114.5972,1203,324,972,648,746,422,463,139
BLYTHE CA US,81.7,33.6131,-114.5972,1204,326,972,646,751,425,463,137
BLYTHE CA US,81.7,33.6131,-114.5972,1205,328,972,644,751,423,463,135
BLYTHE CA US,81.7,33.6131,-114.5972,1206,330,972,642,751,421,463,133
BLYTHE CA US,81.7,33.6131,-114.5972,1207,331,972,641,751,420,463,132
BLYTHE CA US,81.7,33.6131,-114.5972,1208,333,972,639,751,418,463,130
BLYTHE CA US,81.7,33.6131,-114.5972,1209,335,972,637,751,416,463,128
BLYTHE CA US,81.7,33.6131,-114.5972,1210,337,972,635,751,414,463,126
BLYTHE CA US,81.7,33.6131,-114.5972,1211,338,972,634,751,413,463,125
BLYTHE CA US,81.7,33.6131,-114.5972,1212,340,972,632,751,411,463,123
BLYTHE CA US,81.7,33.6131,-114.5972,1213,342,972,630,759,417,463,121
BLYTHE CA US,81.7,33.6131,-114.5972,1214,344,972,628,759,415,463,119
BLYTHE CA US,81.7,33.6131,-114.5972,1215,346,972,626,759,413,463,117
BLYTHE CA US,81.7,33.6131,-114.5972,1216,348,972,624,759,411,463,115
BLYTHE CA US,81.7,33.6131,-114.5972,1217,350,972,622,843,493,463,113
BLYTHE CA US,81.7,33.6131,-114.5972,1218,352,972,620,843,491,463,111
BLYTHE CA US,81.7,33.6131,-114.5972,1219,354,972,618,843,489,463,109
BLYTHE CA US,81.7,33.6131,-114.5972,1220,356,972,616,843,487,463,107
BLYTHE CA US,81.7,33.6131,-114.5972,1221,358,972,614,843,485,463,105
BLYTHE CA US,81.7,33.6131,-114.5972,1222,360,972,612,843,483,463,103
BLYTHE CA US,81.7,33.6131,-114.5972,1223,361,972,611,843,482,463,102
BLYTHE CA US,81.7,33.6131,-114.5972,1224,363,972,609,843,480,463,100
BLYTHE CA US,81.7,33.6131,-114.5972,1225,365,972,607,843,478,463,98
BLYTHE CA US,81.7,33.6131,-114.5972,1226,367,972,605,843,476,463,96
BLYTHE CA US,81.7,33.6131,-114.5972,1227,369,972,603,843,474,463,94
BLYTHE CA US,81.7,33.6131,-114.5972,1228,371,972,601,843,472,463,92
BLYTHE CA US,81.7,33.6131,-114.5972,1229,373,972,599,843,470,463,90
BLYTHE CA US,81.7,33.6131,-114.5972,1230,375,972,597,843,468,463,88
BLYTHE CA US,81.7,33.6131,-114.5972,1231,377,972,595,843,466,463,86
